"allbacks" <-
structure(list(volume = c(885, 1016, 1125, 239, 701, 641, 1228, 
412, 953, 929, 1492, 419, 1010, 595, 1034), area = c(382, 468, 
387, 371, 371, 367, 396, 0, 0, 0, 0, 0, 0, 0, 0), weight = c(800, 
950, 1050, 350, 750, 600, 1075, 250, 700, 650, 975, 350, 950, 
425, 725), cover = structure(c(1, 1, 1, 1, 1, 1, 1, 2, 2, 2, 
2, 2, 2, 2, 2), .Label = c("hb", "pb"), class = "factor")), .Names = c("volume", 
"area", "weight", "cover"), row.names = c("1", "2", "3", "4", 
"5", "6", "7", "8", "9", "10", "11", "12", "13", "14", "15"), class = "data.frame")
