"ant111b" <-
structure(list(site = structure(as.integer(c(1, 2, 3, 4, 5, 6, 
7, 8, 1, 2, 3, 4, 5, 6, 7, 8, 1, 2, 3, 4, 5, 6, 7, 8, 1, 2, 3, 
4, 5, 6, 7, 8)), .Label = c("DBAN", "LFAN", "NSAN", "ORAN", "OVAN", 
"TEAN", "WEAN", "WLAN"), class = "factor"), parcel = structure(as.integer(c(1, 
1, 1, 1, 1, 1, 1, 1, 2, 2, 2, 2, 2, 2, 2, 2, 3, 3, 3, 3, 3, 3, 
3, 3, 4, 4, 4, 4, 4, 4, 4, 4)), .Label = c("I", "II", "III", 
"IV"), class = "factor"), code = c(58, 58, 58, 58, 58, 58, 58, 
58, 58, 58, 58, 58, 58, 58, 58, 58, 58, 58, 58, 58, 58, 58, 58, 
58, 58, 58, 58, 58, 58, 58, 58, 58), island = c(1, 1, 1, 1, 1, 
1, 1, 1, 1, 1, 1, 1, 1, 1, 1, 1, 1, 1, 1, 1, 1, 1, 1, 1, 1, 1, 
1, 1, 1, 1, 1, 1), id = c(3, 40, 185.5, 256.5, 219.5, 77, 115, 
151, 15.5, 51, 193.5, 268, 229.5, 88.5, 119.5, 158, 22.5, 60, 
205, 275, 238, 93, 129.5, 166, 29, 67.5, 212.5, 283.5, 249, 103.5, 
140.5, 177.5), plot = c(3, 4, 5.5, 4.5, 3.5, 5, 7, 7, 15.5, 15, 
13.5, 16, 13.5, 16.5, 11.5, 14, 22.5, 24, 25, 23, 22, 21, 21.5, 
22, 29, 31.5, 32.5, 31.5, 33, 31.5, 32.5, 33.5), trt = c(111, 
111, 111, 111, 111, 111, 111, 111, 111, 111, 111, 111, 111, 111, 
111, 111, 111, 111, 111, 111, 111, 111, 111, 111, 111, 111, 111, 
111, 111, 111, 111, 111), ears = c(43.5, 40.5, 20, 42.5, 31.5, 
32.5, 43.5, 50, 46, 46.5, 34, 44, 39, 41.5, 43.5, 56, 47, 42.5, 
27, 41.5, 41, 36, 45.5, 50.5, 41, 43.5, 25, 45, 46.5, 41, 46, 
45.5), harvwt = c(5.16, 2.93, 1.73, 6.79, 3.255, 2.65, 5.04, 
2.02, 4.805, 4.77, 3.17, 7.365, 4.275, 3.19, 4.6, 2.665, 5.065, 
4.33, 1.49, 6.435, 5.565, 2.79, 6.34, 3.16, 4.51, 4.8, 1.97, 
7.07, 6.235, 3.515, 6.125, 3.52)), .Names = c("site", "parcel", 
"code", "island", "id", "plot", "trt", "ears", "harvwt"), row.names = c("1", 
"2", "3", "4", "5", "6", "7", "8", "9", "10", "11", "12", "13", 
"14", "15", "16", "17", "18", "19", "20", "21", "22", "23", "24", 
"25", "26", "27", "28", "29", "30", "31", "32"), class = "data.frame")
