"antigua" <-
structure(list(id = as.integer(c(1, 2, 3, 4, 5, 6, 7, 8, 9, 10, 
11, 12, 13, 14, 15, 16, 17, 18, 19, 20, 21, 22, 23, 24, 25, 26, 
27, 28, 29, 30, 31, 32, 33, 34, 35, 36, 37, 38, 39, 40, 41, 42, 
43, 44, 45, 46, 47, 48, 49, 50, 51, 52, 53, 54, 55, 56, 57, 58, 
59, 60, 61, 62, 63, 64, 65, 66, 67, 68, 69, 70, 71, 72, 73, 74, 
75, 76, 77, 78, 79, 80, 81, 82, 83, 84, 85, 86, 87, 88, 89, 90, 
91, 92, 93, 94, 95, 96, 97, 98, 99, 100, 101, 102, 103, 104, 
105, 106, 107, 108, 109, 110, 111, 112, 113, 114, 115, 116, 117, 
118, 119, 120, 121, 122, 123, 124, 125, 126, 127, 128, 129, 130, 
131, 132, 133, 134, 135, 136, 137, 138, 139, 140, 141, 142, 143, 
144, 145, 146, 147, 148, 149, 150, 151, 152, 153, 154, 155, 156, 
157, 158, 159, 160, 161, 162, 163, 164, 165, 166, 167, 168, 169, 
170, 171, 172, 173, 174, 175, 176, 177, 178, 179, 180, 181, 182, 
183, 184, 185, 186, 187, 188, 189, 190, 191, 192, 193, 194, 195, 
196, 197, 198, 199, 200, 201, 202, 203, 204, 205, 206, 207, 208, 
209, 210, 211, 212, 213, 214, 215, 216, 217, 218, 219, 220, 221, 
222, 223, 224, 225, 226, 227, 228, 229, 230, 231, 232, 233, 234, 
235, 236, 237, 238, 239, 240, 241, 242, 243, 244, 245, 246, 247, 
248, 249, 250, 251, 252, 253, 254, 255, 256, 257, 258, 259, 260, 
261, 262, 263, 264, 265, 266, 267, 268, 269, 270, 271, 272, 273, 
274, 275, 276, 277, 278, 279, 280, 281, 282, 283, 284, 285, 286, 
287, 288)), site = structure(as.integer(c(1, 1, 1, 1, 1, 1, 1, 
1, 1, 1, 1, 1, 1, 1, 1, 1, 1, 1, 1, 1, 1, 1, 1, 1, 1, 1, 1, 1, 
1, 1, 1, 1, 1, 1, 1, 1, 2, 2, 2, 2, 2, 2, 2, 2, 2, 2, 2, 2, 2, 
2, 2, 2, 2, 2, 2, 2, 2, 2, 2, 2, 2, 2, 2, 2, 2, 2, 2, 2, 2, 2, 
2, 2, 6, 6, 6, 6, 6, 6, 6, 6, 6, 6, 6, 6, 6, 6, 6, 6, 6, 6, 6, 
6, 6, 6, 6, 6, 6, 6, 6, 6, 6, 6, 6, 6, 6, 6, 6, 6, 7, 7, 7, 7, 
7, 7, 7, 7, 7, 7, 7, 7, 7, 7, 7, 7, 7, 7, 7, 7, 7, 7, 7, 7, 7, 
7, 7, 7, 7, 7, 7, 7, 7, 7, 7, 7, 8, 8, 8, 8, 8, 8, 8, 8, 8, 8, 
8, 8, 8, 8, 8, 8, 8, 8, 8, 8, 8, 8, 8, 8, 8, 8, 8, 8, 8, 8, 8, 
8, 8, 8, 8, 8, 3, 3, 3, 3, 3, 3, 3, 3, 3, 3, 3, 3, 3, 3, 3, 3, 
3, 3, 3, 3, 3, 3, 3, 3, 3, 3, 3, 3, 3, 3, 3, 3, 3, 3, 3, 3, 5, 
5, 5, 5, 5, 5, 5, 5, 5, 5, 5, 5, 5, 5, 5, 5, 5, 5, 5, 5, 5, 5, 
5, 5, 5, 5, 5, 5, 5, 5, 5, 5, 5, 5, 5, 5, 4, 4, 4, 4, 4, 4, 4, 
4, 4, 4, 4, 4, 4, 4, 4, 4, 4, 4, 4, 4, 4, 4, 4, 4, 4, 4, 4, 4, 
4, 4, 4, 4, 4, 4, 4, 4)), .Label = c("DBAN", "LFAN", "NSAN", 
"ORAN", "OVAN", "TEAN", "WEAN", "WLAN"), class = "factor"), block = structure(as.integer(c(1, 
1, 1, 1, 1, 1, 1, 1, 1, 2, 2, 2, 2, 2, 2, 2, 2, 2, 3, 3, 3, 3, 
3, 3, 3, 3, 3, 4, 4, 4, 4, 4, 4, 4, 4, 4, 1, 1, 1, 1, 1, 1, 1, 
1, 1, 2, 2, 2, 2, 2, 2, 2, 2, 2, 3, 3, 3, 3, 3, 3, 3, 3, 3, 4, 
4, 4, 4, 4, 4, 4, 4, 4, 1, 1, 1, 1, 1, 1, 1, 1, 1, 2, 2, 2, 2, 
2, 2, 2, 2, 2, 3, 3, 3, 3, 3, 3, 3, 3, 3, 4, 4, 4, 4, 4, 4, 4, 
4, 4, 1, 1, 1, 1, 1, 1, 1, 1, 1, 2, 2, 2, 2, 2, 2, 2, 2, 2, 3, 
3, 3, 3, 3, 3, 3, 3, 3, 4, 4, 4, 4, 4, 4, 4, 4, 4, 1, 1, 1, 1, 
1, 1, 1, 1, 1, 2, 2, 2, 2, 2, 2, 2, 2, 2, 3, 3, 3, 3, 3, 3, 3, 
3, 3, 4, 4, 4, 4, 4, 4, 4, 4, 4, 1, 1, 1, 1, 1, 1, 1, 1, 1, 2, 
2, 2, 2, 2, 2, 2, 2, 2, 3, 3, 3, 3, 3, 3, 3, 3, 3, 4, 4, 4, 4, 
4, 4, 4, 4, 4, 1, 1, 1, 1, 1, 1, 1, 1, 1, 2, 2, 2, 2, 2, 2, 2, 
2, 2, 3, 3, 3, 3, 3, 3, 3, 3, 3, 4, 4, 4, 4, 4, 4, 4, 4, 4, 1, 
1, 1, 1, 1, 1, 1, 1, 1, 2, 2, 2, 2, 2, 2, 2, 2, 2, 3, 3, 3, 3, 
3, 3, 3, 3, 3, 4, 4, 4, 4, 4, 4, 4, 4, 4)), .Label = c("I", "II", 
"III", "IV"), class = "factor"), plot = as.integer(c(1, 2, 3, 
4, 5, 6, 7, 8, 9, 10, 11, 12, 13, 14, 15, 16, 17, 18, 19, 20, 
21, 22, 23, 24, 25, 26, 27, 28, 29, 30, 31, 32, 33, 34, 35, 36, 
1, 2, 3, 4, 5, 6, 7, 8, 9, 10, 11, 12, 13, 14, 15, 16, 17, 18, 
19, 20, 21, 22, 23, 24, 25, 26, 27, 28, 29, 30, 31, 32, 33, 34, 
35, 36, 1, 2, 3, 4, 5, 6, 7, 8, 9, 10, 11, 12, 13, 14, 15, 16, 
17, 18, 19, 20, 21, 22, 23, 24, 25, 26, 27, 28, 29, 30, 31, 32, 
33, 34, 35, 36, 1, 2, 3, 4, 5, 6, 7, 8, 9, 10, 11, 12, 13, 14, 
15, 16, 17, 18, 19, 20, 21, 22, 23, 24, 25, 26, 27, 28, 29, 30, 
31, 32, 33, 34, 35, 36, 1, 2, 3, 4, 5, 6, 7, 8, 9, 10, 11, 12, 
13, 14, 15, 16, 17, 18, 19, 20, 21, 22, 23, 24, 25, 26, 27, 28, 
29, 30, 31, 32, 33, 34, 35, 36, 1, 2, 3, 4, 5, 6, 7, 8, 9, 10, 
11, 12, 13, 14, 15, 16, 17, 18, 19, 20, 21, 22, 23, 24, 25, 26, 
27, 28, 29, 30, 31, 32, 33, 34, 35, 36, 1, 2, 3, 4, 5, 6, 7, 
8, 9, 10, 11, 12, 13, 14, 15, 16, 17, 18, 19, 20, 21, 22, 23, 
24, 25, 26, 27, 28, 29, 30, 31, 32, 33, 34, 35, 36, 1, 2, 3, 
4, 5, 6, 7, 8, 9, 10, 11, 12, 13, 14, 15, 16, 17, 18, 19, 20, 
21, 22, 23, 24, 25, 26, 27, 28, 29, 30, 31, 32, 33, 34, 35, 36
)), trt = structure(as.integer(c(2, 1, 12, 8, 2, 10, 3, 4, 9, 
11, 12, 6, 7, 2, 4, 5, 2, 3, 4, 2, 12, 1, 10, 9, 2, 3, 8, 2, 
7, 2, 3, 4, 6, 11, 5, 12, 2, 9, 3, 10, 8, 12, 2, 1, 4, 3, 11, 
12, 2, 7, 5, 4, 2, 6, 10, 8, 1, 2, 3, 12, 9, 2, 4, 4, 2, 6, 12, 
5, 11, 2, 7, 3, 3, 2, 9, 8, 1, 4, 10, 2, 12, 7, 12, 11, 6, 4, 
2, 5, 3, 2, 2, 8, 10, 1, 2, 3, 12, 4, 9, 12, 2, 3, 5, 11, 7, 
2, 4, 6, 1, 12, 8, 10, 2, 4, 3, 9, 2, 2, 4, 6, 2, 12, 5, 3, 7, 
11, 2, 3, 9, 12, 1, 2, 10, 4, 8, 6, 2, 7, 11, 5, 12, 4, 3, 2, 
1, 3, 4, 8, 10, 2, 9, 2, 12, 12, 5, 2, 7, 6, 3, 2, 11, 4, 12, 
9, 2, 1, 2, 3, 8, 4, 10, 7, 3, 5, 4, 2, 12, 6, 2, 11, 8, 2, 12, 
4, 9, 1, 3, 10, 2, 4, 5, 2, 6, 11, 2, 7, 3, 12, 9, 4, 1, 10, 
2, 8, 12, 3, 2, 5, 2, 7, 11, 6, 4, 3, 12, 2, 2, 3, 12, 4, 1, 
2, 10, 9, 8, 2, 6, 4, 7, 12, 3, 11, 2, 5, 4, 9, 2, 10, 2, 12, 
1, 8, 3, 11, 3, 12, 2, 5, 6, 4, 2, 7, 3, 2, 8, 12, 9, 4, 2, 10, 
1, 5, 6, 3, 12, 2, 11, 7, 4, 2, 1, 12, 10, 2, 3, 2, 4, 8, 9, 
7, 2, 4, 6, 12, 5, 2, 11, 3)), .Label = c("000", "111", "113", 
"131", "002", "020", "200", "202", "022", "220", "222", "311"
), class = "factor"), ears = as.integer(c(42, 41, 49, 48, 45, 
46, 42, 44, 42, 44, 42, 42, 46, 44, 48, 46, 48, 45, 43, 47, 47, 
45, 50, 44, 47, 44, 40, 41, 45, 41, 46, 47, 42, 41, 41, 36, 37, 
36, 42, 41, 40, 44, 44, 44, 38, 39, 40, 46, 47, 46, 35, 43, 46, 
40, 41, 46, 36, 43, 45, 47, 34, 42, 41, 46, 45, 45, 47, 38, 47, 
42, 39, 44, 32, 29, 46, 28, 31, 39, 42, 36, 35, 28, 30, 29, 29, 
30, 35, 36, 39, 48, 34, 37, 37, 42, 38, 39, 35, 41, 28, 25, 43, 
42, 44, 48, 41, 39, 28, -9999, 48, 47, 32, 43, 42, 45, 46, 43, 
45, 46, 48, 47, 41, 38, 44, 43, 46, 44, 45, 45, 47, 36, 41, 46, 
38, 48, 36, 43, 46, 43, 34, 32, 42, 38, 44, 46, 58, 56, 52, 44, 
45, 47, 55, 53, 43, 68, 40, 58, 44, 42, 55, 54, 48, 38, 69, 60, 
50, 40, 51, 54, 41, 53, 51, 57, 55, 39, 63, 48, 51, 39, 43, 56, 
25, 13, 10, 24, 30, 25, 25, 32, 27, 26, 28, 36, 34, 27, 32, 28, 
32, 32, 32, 36, 28, 34, 30, 27, 39, 26, 24, 33, 29, 19, 22, 30, 
33, 33, 35, 21, 28, 35, 38, 42, 31, 35, 26, 37, 38, 41, 37, 30, 
47, 45, 38, 37, 37, 30, 35, 42, 40, 40, 42, 43, 39, 30, 29, 45, 
38, 38, 45, 26, 40, 38, 48, 33, 43, 44, 44, 41, 44, 42, 41, 41, 
45, 36, 35, 38, 40, 40, 44, 41, 41, 48, 36, 44, 46, 43, 46, 40, 
47, 46, 41, 47, 45, 42, 37, 35, 46, 45, 43, 37)),