"appletaste" <-
structure(list(aftertaste = c(89, 98, 108, 13, 55, 104, 40, 122, 
148, 6, 77, 137, 30, 88, 98, 16, 46, 129, 6, 28, 80, 18, 63, 
85, 29, 106, 124, 14, 122, 138, 18, 21, 24, 76, 17, 24, 45, 98, 
60, 46, 58, 71, 4, 35, 72, 39, 94, 65, 25, 58, 69, 57, 79, 68, 
41, 20, 99, 21, 9, 33), panelist = structure(as.integer(c(1, 
1, 1, 2, 2, 2, 3, 3, 3, 4, 4, 4, 5, 5, 5, 6, 6, 6, 7, 7, 7, 8, 
8, 8, 9, 9, 9, 10, 10, 10, 11, 11, 11, 12, 12, 12, 13, 13, 13, 
14, 14, 14, 15, 15, 15, 16, 16, 16, 17, 17, 17, 18, 18, 18, 19, 
19, 19, 20, 20, 20)), .Label = c("a", "b", "c", "d", "e", "f", 
"g", "h", "i", "j", "k", "l", "m", "n", "o", "p", "q", "r", "s", 
"t"), class = "factor"), product = structure(as.integer(c(4, 
1, 2, 4, 1, 2, 4, 1, 2, 4, 1, 2, 4, 1, 2, 4, 3, 2, 4, 3, 2, 4, 
3, 2, 4, 3, 2, 4, 3, 2, 4, 3, 1, 4, 3, 1, 4, 3, 1, 4, 3, 1, 4, 
3, 1, 3, 2, 1, 3, 2, 1, 3, 2, 1, 3, 2, 1, 3, 2, 1)), .Label = c("298", 
"493", "649", "937"), class = "factor")), .Names = c("aftertaste", 
"panelist", "product"), row.names = c("1", "2", "3", "4", "5", 
"6", "7", "8", "9", "10", "11", "12", "13", "14", "15", "16", 
"17", "18", "19", "20", "21", "22", "23", "24", "25", "26", "27", 
"28", "29", "30", "31", "32", "33", "34", "35", "36", "37", "38", 
"39", "40", "41", "42", "43", "44", "45", "46", "47", "48", "49", 
"50", "51", "52", "53", "54", "55", "56", "57", "58", "59", "60"
), class = "data.frame")
