"biomass" <-
structure(list(dbh = c(90, 106, 112, 34, 130, 86, 39, 50, 30, 
39, 103, 50, 110, 77, 5, 7, 26, 8, 8, 9, 14, 85, 6, 24, 46, 28, 
6, 4, 36, 22, 54, 37, 44, 17, 130, 13, 11, 15, 15, 12, 13, 14, 
16, 11, 60, 100, 50, 145, 7, 7, 6, 7, 8, 9, 12, 4, 5, 7, 4, 4, 
23, 20, 23, 54, 24, 43, 41, 55, 55, 11, 3, 10, 4, 5, 7, 6, 8, 
5, 8, 5, 5, 8, 10, 8, 63, 47, 37, 45, 50, 50, 8, 9, 9, 9, 22, 
9, 10, 10, 19, 35, 18, 6, 4, 4, 6, 5, 8, 6, 5, 7, 5, 7, 6, 25, 
24, 31, 21, 16, 27, 19, 21, 10, 23, 27, 26, 9, 12, 9, 11, 10, 
37, 37, 20, 56, 9, 17, 17, 10, 6, 22, 15, 15, 19, 11, 9, 25, 
22, 10, 12, 48, 43, 35, 29), wood = c(5528, 13650, 11200, 1000, 
NA, 7027, 1086, NA, NA, NA, 15396, 3047, 17841, NA, NA, NA, NA, 
NA, NA, NA, NA, NA, NA, NA, NA, NA, NA, NA, 1130, 440, 4082, 
1387, 2479, 192, 25116, 126, 98, 190, 168, 110, 170, 151, 170, 
81, 4220, 16196, 2957, 22300, 13, 17, 11, 16, 20, 31, 60, 6, 
6, 21, 4, 3, 353, 208, 445, 3300, 590, 2200, 1575, 4350, 3000, 
74, 3, 56, 5, 15, 27, 12, 25, 8, 29, 14, 10, 31, 59, 30, 5094, 
2147, 1728, 1979, 2706, 2638, 35, 42, 42, 42, 320, 20, 29, 35, 
203, 1090, NA, 10, 7, 3, 13, 9, 20, 16, 7, 29, 12, 25, 10, 506, 
508, 817, 274, 162, 540, 272, 293, 77, 408, 550, 414, 42, 85, 
35, 60, 60, 1250, 990, 290, 1500, 40, 216, 208, 50, 18, 382, 
161, 140, 280, 84, 50, 510, 400, 70, 115, 1530, 1540, 720, 560
), bark = c(NA, NA, NA, NA, NA, NA, NA, NA, NA, NA, 1800, NA, 
NA, NA, NA, NA, NA, NA, NA, NA, NA, NA, NA, NA, NA, NA, NA, NA, 
NA, NA, NA, NA, NA, 59, NA, NA, NA, NA, NA, NA, NA, NA, NA, NA, 
667, 1653, NA, 1808, NA, NA, NA, NA, 7, NA, 20, NA, NA, NA, NA, 
NA, NA, NA, NA, NA, NA, 328, NA, 696, NA, NA, NA, NA, NA, NA, 
NA, NA, NA, NA, NA, NA, NA, NA, NA, NA, NA, 456, 229, 397, NA, 
401, NA, NA, NA, NA, NA, NA, NA, NA, NA, NA, NA, NA, NA, NA, 
NA, NA, NA, NA, NA, NA, NA, NA, NA, NA, NA, NA, NA, NA, NA, NA, 
NA, NA, NA, 105, 78, 8, 13, NA, NA, NA, NA, NA, NA, NA, NA, NA, 
NA, NA, NA, NA, NA, NA, NA, NA, NA, NA, NA, NA, NA, NA, NA, NA, 
NA), root = c(460, 1500, 1100, 430, 3000, 550, 220, 524, 150, 
245, 1400, 240, 2000, 600, 7, 6, 85, 6.2, 7, 10, 25, 1900, 8, 
112, 175, 88, 6, 1.2, NA, NA, NA, 125, 135, NA, NA, 30, 17, 21, 
26, 18, NA, NA, 24, 20, NA, NA, NA, 2250, NA, NA, NA, NA, NA, 
NA, NA, NA, NA, NA, NA, NA, 135, NA, NA, NA, NA, NA, NA, NA, 
NA, 20, 0.3, 20, NA, NA, NA, NA, NA, NA, NA, 2, NA, NA, NA, 6, 
NA, NA, NA, NA, NA, NA, NA, NA, NA, NA, 51, 6, NA, 9, 16, 66, 
100, NA, NA, NA, NA, NA, NA, NA, NA, NA, NA, NA, NA, NA, NA, 
NA, NA, NA, NA, NA, NA, NA, NA, 44, 38, 5, 17, NA, NA, NA, NA, 
NA, NA, NA, NA, NA, NA, NA, NA, NA, NA, NA, NA, NA, NA, NA, NA, 
NA, NA, NA, NA, NA, NA), rootsk = c(NA, 665, 680, 40, 1030, 290, 
48, 74, 27, 28, 653, 98, 474, 280, 0.3, 0.4, 19, 0.5, 0.4, 0.7, 
3.1, 317, 0.2, 14, 63, 30, 0.3, 0.07, NA, NA, NA, 27, 45, NA, 
NA, 3, 2, 9, 4.4, 4, NA, NA, 13, 2.2, NA, NA, NA, 977, NA, NA, 
NA, NA, NA, NA, NA, NA, NA, NA, NA, NA, 13, NA, NA, NA, NA, NA, 
NA, NA, NA, 1, 0.05, 2, NA, NA, NA, NA, NA, NA, NA, 2.4, NA, 
NA, NA, 1, NA, NA, NA, NA, NA, NA, NA, NA, NA, NA, 17, 1, NA, 
2, 11, 24, 9, NA, NA, NA, NA, NA, NA, NA, NA, NA, NA, NA, NA, 
NA, NA, NA, NA, NA, NA, NA, NA, NA, NA, 9, 13, 1.3, 2.2, NA, 
NA, NA, NA, NA, NA, NA, NA, NA, NA, NA, NA, NA, NA, NA, NA, NA, 
NA, NA, NA, NA, NA, NA, NA, NA, NA), branch = c(NA, NA, NA, NA, 
NA, 94, NA, NA, NA, NA, NA, 83, NA, NA, NA, NA, NA, NA, NA, NA, 
NA, NA, NA, NA, NA, NA, NA, NA, NA, NA, 58, 56, 97, 18, NA, NA, 
NA, 21, 17, 16, 17, 11, NA, NA, 274, 371, NA, NA, NA, NA, NA, 
NA, 7, NA, 11, NA, NA, NA, NA, NA, 35, 41, 50, 142, NA, 144, 
133, 151, 279, 8, NA, 8, NA, NA, NA, NA, NA, NA, NA, NA, NA, 
NA, NA, 4, NA, 99, 87, 87, 105, 112, 9, 10, NA, 9, 30, 13, 10, 
17, 46, 92, NA, 11, 6, 5, 5, 8, 9, 6, 8, 14, 8, 16, 9, 45, 65, 
95, 31, 25, 55, 52, NA, NA, NA, 59, 44, 7, 16, 9, 13, 12, 76, 
90, 36, NA, NA, 40, NA, NA, NA, NA, NA, NA, NA, NA, NA, 45, 35, 
NA, NA, 120, 60, 60, 42), species = structure(as.integer(c(1, 
2, 2, 2, 1, 3, 1, 2, 2, 2, 2, 3, 2, 2, 2, 2, 2, 2, 2, 2, 2, 2, 
2, 3, 2, 3, 4, 1, 2, 2, 1, 3, 3, 2, 1, 2, 1, 1, 2, 1, 2, 1, 2, 
2, 1, 1, 3, 1, 1, 1, 1, 1, 1, 1, 1, 1, 1, 1, 1, 1, 4, 4, 4, 1, 
4, 1, 1, 1, 1, 2, 2, 2, 2, 2, 2, 2, 2, 2, 2, 4, 4, 4, 4, 4, 2, 
2, 2, 2, 2, 2, 2, 2, 2, 2, 4, 4, 4, 4, 4, 4, 3, 5, 5, 5, 5, 5, 
5, 5, 5, 5, 5, 5, 5, 6, 6, 6, 6, 6, 6, 6, 6, 6, 6, 7, 7, 7, 7, 
7, 7, 7, 7, 7, 7, 7, 6, 6, 6, 6, 6, 6, 6, 6, 6, 6, 6, 6, 6, 6, 
6, 6, 8, 8, 8)), .Label = c("E. maculata", "E. pilularis", "E. botryoides", 
"Acacia mabellae", "C. fraseri", "Acmena smithii", "B. myrtifolia", 
"Other"), class = "factor"), fac26 = structure(as.integer(c(4, 
2, 2, 2, 4, 4, 4, 2, 2, 2, 2, 4, 2, 2, 2, 2, 2, 2, 2, 2, 2, 2, 
2, 4, 2, 4, 4, 4, 2, 2, 4, 4, 4, 2, 4, 2, 4, 4, 2, 4, 2, 4, 2, 
2, 4, 4, 4, 4, 4, 4, 4, 4, 4, 4, 1, 4, 4, 4, 4, 4, 4, 4, 4, 4, 
4, 4, 4, 4, 4, 2, 2, 2, 2, 2, 2, 2, 2, 2, 2, 4, 4, 4, 4, 4, 2, 
2, 2, 2, 2, 2, 2, 2, 2, 2, 4, 4, 4, 4, 4, 4, 4, 4, 4, 1, 4, 4, 
1, 1, 4, 4, 1, 4, 4, 3, 3, 3, 3, 3, 3, 3, 3, 3, 3, 4, 4, 4, 4, 
4, 4, 4, 4, 4, 4, 4, 3, 3, 3, 3, 3, 3, 3, 3, 3, 3, 3, 3, 3, 3, 
3, 3, 4, 4, 4)), .Label = c("", "2", "6", "z"), class = "factor")), .Names = c("dbh", 
"wood", "bark", "root", "rootsk", "branch", "species", "fac26"
), row.names = c("1", "2", "3", "4", "5", "6", "7", "8", "9", 
"10", "11", "12", "13", "14", "15", "16", "17", "18", "19", "20", 
"21", "22", "23", "24", "25", "26", "27", "28", "29", "30", "31", 
"32", "33", "34", "35", "36", "37", "38", "39", "40", "41", "42", 
"43", "44", "45", "46", "47", "48", "49", "50", "51", "52", "53", 
"54", "55", "56", "57", "58", "59", "60", "61", "62", "63", "64", 
"65", "66", "67", "68", "69", "70", "71", "72", "73", "74", "75", 
"76", "77", "78", "79", "80", "81", "82", "83", "84", "85", "86", 
"87", "88", "89", "90", "91", "92", "93", "94", "95", "96", "97", 
"98", "99", "100", "101", "102", "103", "104", "105", "106", 
"107", "108", "109", "110", "111", "112", "113", "114", "115", 
"116", "117", "118", "119", "120", "121", "122", "123", "124", 
"125", "126", "127", "128", "129", "130", "131", "132", "133", 
"134", "135", "136", "137", "138", "139", "140", "141", "142", 
"143", "144", "145", "146", "147", "148", "149", "150", "151", 
"152", "153"), class = "data.frame")
