"bomsoi2001" <-
structure(list(Year = c(1900, 1901, 1902, 1903, 1904, 1905, 1906, 
1907, 1908, 1909, 1910, 1911, 1912, 1913, 1914, 1915, 1916, 1917, 
1918, 1919, 1920, 1921, 1922, 1923, 1924, 1925, 1926, 1927, 1928, 
1929, 1930, 1931, 1932, 1933, 1934, 1935, 1936, 1937, 1938, 1939, 
1940, 1941, 1942, 1943, 1944, 1945, 1946, 1947, 1948, 1949, 1950, 
1951, 1952, 1953, 1954, 1955, 1956, 1957, 1958, 1959, 1960, 1961, 
1962, 1963, 1964, 1965, 1966, 1967, 1968, 1969, 1970, 1971, 1972, 
1973, 1974, 1975, 1976, 1977, 1978, 1979, 1980, 1981, 1982, 1983, 
1984, 1985, 1986, 1987, 1988, 1989, 1990, 1991, 1992, 1993, 1994, 
1995, 1996, 1997, 1998, 1999, 2000, 2001), Jan = c(-7.3, -0.1, 
17, -9.2, 14.1, -9.2, -3.5, 5.1, -10.6, -2.5, 5.6, 3.2, -9.7, 
-3.5, -5.4, -21.6, 5.6, 5.1, 14.6, -14.9, 1.8, 10.8, 8, 5.6, 
-5.4, 5.6, -5.4, 5.1, -10.1, 16, 12.7, 7, 1.8, -11.1, 6.5, 6.5, 
-2, 9.4, 7.5, 17, -0.1, -9.7, -13, 9.4, -8.2, 5.1, -2.5, -4.9, 
-3, -7.3, 5.1, 16.5, -9.2, 2.2, 6, -5.4, 11.3, 5.6, -16.8, -8.7, 
0.3, -2.5, 17, 9.4, -4, -4, -12, 14.6, 4.1, -13.5, -10.1, 2.7, 
3.7, -3, 20.8, -4.9, 11.8, -4, -3, -4, 3.2, 2.7, 9.4, -30.6, 
1.3, -3.5, 8, -6.3, -1.1, 13.2, -1.1, 5.1, -25.4, -8.2, -1.6, 
-4, 8.4, 4.1, -23.5, 15.6, 5.1, 8.9), Feb = c(-6.5, 3, -2.2, 
-10.2, 16.2, -16.8, -7.4, 1.6, 7.7, -3.2, 15.2, 1.6, -17.3, -5, 
2, -2.2, -3.6, 10, 16.6, -11.2, -1.7, 6.7, 9.1, 4.4, 1.1, 13.8, 
-14.5, 1.1, 10.5, 18, 7.7, -14.9, -3.6, 4.9, 0.1, -4.6, 0.6, 
-5, 3.4, 7.7, -4.1, -15.4, -3.6, 10.5, 3.9, 6.3, 4.4, -4.1, -2.7, 
2, 17.6, 9.6, -7.9, -6, -3.6, 15.2, 12.4, -2.2, -6.9, -14, -2.2, 
6.3, 5.3, 3, -0.3, 1.6, -4.1, 12.9, 9.6, -6.9, -10.7, 15.7, 8.2, 
-13.5, 16.2, 5.3, 12.9, 7.7, -24.4, 6.7, 1.1, -3.2, 0.6, -33.3, 
5.8, 6.7, -10.7, -12.6, -5, 9.1, -17.3, 0.6, -9.3, -7.9, 0.6, 
-2.7, 1.1, 13.3, -19.2, 8.6, 12.9, 11.9), Mar = c(-25.3, 9.4, 
11.6, 17.6, 9.4, -30.2, -5.2, -0.3, 0.2, -0.3, 12.7, 3.5, -9, 
1.3, 9.4, -20.4, -6.3, 18.1, -2, -12.8, -4.1, 8.9, 5.6, 8.9, 
2.4, 14.9, -13.3, 18.1, 13.8, 5.1, 1.8, 5.6, -2.5, -2, 0.2, 12.2, 
1.8, 6.2, -3.6, 11.6, -10.6, -10.6, -5.8, 4, 5.6, 13.2, -2, 11.6, 
-4.1, 5.6, 17.6, -1.4, 0.2, -5.8, -0.9, 2.9, 9.4, -0.9, -1.4, 
8.4, 5.6, -20.9, -1.4, 7.3, 8.4, 2.9, -13.9, 7.8, -3, 1.8, 1.8, 
19.2, 2.4, 0.8, 20.3, 11.6, 13.2, -9.5, -5.8, -3, -8.5, -16.6, 
2.4, -28, -5.8, -2, 0.8, -16.6, 2.4, 6.7, -8.5, -10.6, -24.2, 
-8.5, -10.6, 3.5, 6.2, -8.5, -28.5, 8.9, 9.4, 6.7), Apr = c(-18.7, 
4.5, 7.8, 17.7, 31.7, -42.6, -8.8, 4.5, 16.8, -14.5, 5.3, 2, 
-21.1, -6.3, -14.5, -17.8, -0.5, 21.8, 16.8, -3, 0.3, -7.1, -5.5, 
8.6, -15.4, 14.4, -7.1, 6.9, 11.9, 4.5, -3.8, 8.6, -2.1, 3.6, 
6.1, 2.8, 22.6, 2, 3.6, 9.4, -9.6, -11.2, -5.5, 13.5, -5.5, -7.1, 
-9.6, -4.6, 2.8, 1.2, 16.8, -1.3, -8.8, -0.5, 6.9, -3, 11.1, 
1.2, 1.2, 3.6, 7.8, 9.4, 1.2, 6.1, 13.5, -12.9, -7.1, -3, -3, 
-8.8, -4.6, 22.6, -5.5, -2.1, 11.1, 14.4, 1.2, -9.6, -7.9, -5.5, 
-12.9, -5.5, -3.8, -17, 2, 14.4, 1.2, -24.4, -1.3, 21, -0.5, 
-12.9, -18.7, -21.1, -22.8, -16.2, 7.8, -16.2, -24.4, 18.5, 16.8, 
0.3), May = c(-7.4, -0.3, 7.6, 7.6, 9.2, -37.4, 1.3, 10, -1.1, 
2.1, 0.5, -8.2, -13, -8.2, -0.3, -12.2, 6.8, 21.8, 10, -7.4, 
-2.7, 2.1, -5.1, 2.1, 11.5, -1.1, -2.7, 6, -2.7, -12.2, 2.1, 
13.1, 2.8, 6, -7.4, -6.6, 4.4, -0.3, 13.1, -1.1, -14.5, -6.6, 
5.2, 2.8, -1.1, -0.3, -11.4, -13.7, 3.6, -5.8, 7.6, -6.6, 6, 
-31.9, 4.4, 13.1, 17.9, -12.2, -8.2, 2.8, 5.2, 1.3, 12.3, 2.8, 
2.8, -0.3, -9, -3.5, 14.7, -6.6, 2.1, 9.2, -16.1, 2.8, 10.7, 
6, 2.1, -11.4, 16.3, 3.6, -3.5, 7.6, -8.2, 6, -0.3, 2.8, -6.6, 
-21.6, 10, 14.7, 13.1, -19.3, 0.5, -8.2, -13, -9, 1.3, -22.4, 
0.5, 1.3, 3.6, -9), Jun = c(26.1, 19.6, 2.6, -0.6, -7.1, -31.4, 
-3.9, 8.3, -2.3, 22.8, 22, -12, -6.3, -3.9, -16.8, 6.6, 9.1, 
21.2, -4.7, -10.4, 6.6, 22, 5.8, 1, 8.3, -4.7, -7.1, 8.3, -7.9, 
1, -5.5, 18.8, -4.7, -3.9, 10.7, -2.3, -1.5, 3.4, 18, -1.5, -19.3, 
-14.4, 8.3, -7.9, -3.9, 8.3, -9.6, 2.6, -4.7, -12, 26.9, 5, 7.4, 
-2.3, -1.5, 16.4, 12.3, -2.3, 0.2, -6.3, -2.3, -3.1, 5, -9.6, 
7.4, -12.8, 1, 6.6, 12.3, -0.6, 9.9, 2.6, -12, 12.3, 2.6, 15.5, 
0.2, -17.7, 5.8, 5.8, -4.7, 11.5, -20.1, -3.1, -8.7, -9.6, 10.7, 
-20.1, -3.9, 7.4, 1, -5.5, -12.8, -16, -10.4, -1.5, 13.9, -24.1, 
9.9, 1, -5.5, 1.8), Jul = c(10, 14.6, 1.6, 6.1, -8.9, -21.3, 
6.8, -4.3, 2.2, 10.7, 20.5, -12.8, -0.4, -1.7, -18, 14, 25.7, 
28.3, -14.1, -8.9, 9.4, 2.9, 2.2, -11.5, 7.4, -13.4, -1, 6.1, 
-0.4, 1.6, -4.3, 9.4, -5, 3.5, 2.9, -0.4, 4.2, -5.6, 18.5, 8.1, 
-15.4, -20.6, -1, 2.9, -8.9, 3.5, -10.2, 9.4, 0.9, -1.7, 21.1, 
-8.2, 3.5, -1, 4.2, 19.2, 12.6, 0.9, 2.2, -5, 4.8, 2.2, -0.4, 
-1, 6.8, -22.6, -1, 1.6, 7.4, -6.9, -5.6, 1.6, -18.6, 6.1, 12, 
21.1, -12.8, -14.7, 6.1, -8.2, -1.7, 9.4, -19.3, -7.6, 2.2, -2.3, 
2.2, -18.6, 11.3, 9.4, 5.5, -1.7, -6.9, -10.8, -18, 4.2, 6.8, 
-9.5, 14.6, 4.8, -3.7, -3), Aug = c(7.8, 9.8, -8.9, 0.1, 0.8, 
-7.6, 15.5, -8.2, 5.3, 9.8, 9.8, -12.1, -7.6, -7.6, -17.2, 7.2, 
16.2, 34.8, -4.4, -6.9, 5.3, -6.9, -1.2, -18.5, 10.4, -10.8, 
-7.6, -5, 9.8, 0.1, -1.8, 0.1, -6.9, -0.5, -22.4, 2.1, -8.9, 
3.3, 13, -0.5, -18.5, -19.1, 4, 7.8, 3.3, 11.7, -4.4, 7.2, -4.4, 
-4.4, 12.3, -0.5, -3.7, -17.2, 10.4, 14.9, 11, -9.5, 7.8, -5, 
6.6, 0.1, 4.6, -2.4, 14.3, -11.4, 4, 5.9, 0.1, -4.4, 4, 14.9, 
-8.9, 12.3, 6.6, 20.7, -12.1, -12.1, 1.4, -5, 1.4, 5.9, -23.6, 
0.1, 2.7, 8.5, -7.6, -14, 14.9, -6.3, -5, -7.6, 1.4, -14, -17.2, 
0.8, 4.6, -19.8, 9.8, 2.1, 5.3, -8.9), Sep = c(-16.6, -16, -17.8, 
8.7, 0.2, -7, 18.3, 0.2, 17.7, 0.8, 15.3, -8.8, -4, -9.4, -12.4, 
7.5, 4.5, 29.7, -8.2, -5.8, 5.1, 5.1, 5.1, -14.8, 8.1, -6.4, 
1.4, -0.4, 8.1, -0.4, -7, 5.1, -8.8, 2, -6.4, 6.3, 2.6, 0.8, 
7.5, -9.4, -19.6, -8.2, 8.7, 5.7, 2.6, 8.7, -16, 11.7, -7.6, 
2, 6.9, -7, -3.4, -13, 4.5, 14.1, 0.2, -10.6, -3.4, 0.2, 6.9, 
0.8, 5.1, -5.2, 14.1, -14.2, -2.2, 5.1, -2.8, -10.6, 12.9, 15.9, 
-14.8, 13.5, 12.3, 22.5, -13, -9.4, 0.8, 1.4, -5.2, 7.5, -21.4, 
9.9, 2, 0.2, -5.2, -11.2, 20.1, 5.7, -7.6, -16.6, 0.8, -7.6, 
-17.2, 3.2, 6.9, -14.8, 11.1, -0.4, 9.9, 1.4), Oct = c(-17.2, 
-22.1, -7.4, 4.2, 1.2, -5.6, 9.1, 0.6, 7.9, 4.2, 10.3, -11.7, 
-8, -9.2, -8.6, 2.4, 6.1, 15.2, -5, -10.5, -4.3, 9.7, 6.1, -6.2, 
7.9, -12.9, 4.2, -4.3, 9.1, 7.9, 3.6, -12.9, -4.3, 3.6, 4.2, 
7.3, -0.1, -2.5, 12.8, -14.7, -18.4, -20.2, 8.5, 9.1, -8.6, 2.4, 
-12.3, -1.9, 6.1, 5.4, 17.1, -8, 1.8, -0.1, 1.8, 15.2, 18.3, 
-1.3, -1.9, 4.2, -0.7, -5, 10.3, -12.9, 12.8, -11.1, -2.5, -0.1, 
-1.9, -11.7, 10.3, 17.7, -11.1, 9.7, 8.5, 17.7, 3, -12.9, -6.2, 
-2.5, -1.9, -5, -20.2, 4.2, -5, -5.6, 6.1, -5.6, 14.6, 7.3, 1.8, 
-12.9, -17.2, -13.5, -14.1, -1.3, 4.2, -17.8, 10.9, 9.1, 9.7, 
-1.9), Nov = c(-6, -8.6, -3.4, 1.3, -17.2, -17.9, 21.7, -2, 2.6, 
9.2, 19.7, -7.3, 2.6, -11.9, -11.9, -14.6, 9.8, 21, 1.3, -11.3, 
-0.1, 8.5, 8.5, -12.6, 11.8, -9.3, 1.3, -8, 2.6, 11.1, 1.9, -4.7, 
-4.7, 7.2, 13.1, 3.9, -13.9, -2, 1.9, -8, -6.7, -9.3, -4, 3.9, 
-6.7, -3.4, -1.4, 9.2, 4.6, -6, 12.5, -3.4, -0.7, -2, 3.9, 15.1, 
1.9, -11.9, -4.7, 11.1, 7.2, 7.2, 5.2, -9.3, 2.6, -17.9, -0.1, 
-4, -3.4, -0.1, 19.7, 7.2, -3.4, 31.6, -1.4, 13.8, 9.8, -14.6, 
-2, -4.7, -3.4, 2.6, -31.1, -0.7, 3.9, -1.4, -13.9, -1.4, 21, 
-2, -5.3, -7.3, -7.3, 0.6, -7.3, 1.3, -0.1, -15.2, 12.5, 13.1, 
22.4, 7.2), Dec = c(-5.5, -1.9, -3, 15.9, 2.6, -13.1, 4.7, 8.8, 
-5.5, 4.7, 15.9, -1.4, -8, -7, -1.4, 9.8, 15.4, 22.5, -8, -9.1, 
9.8, 8.2, 11.8, 2.1, 5.2, -7, 6.2, 7.7, 11.8, 5.7, -1.4, 4.7, 
3.2, 8.2, -2.4, -4, 0.6, 6.7, 13.8, -8.6, -29.4, -8.6, 13.8, 
-8.6, 4.2, 6.7, -5.5, 5.2, -5.5, 7.7, 23, -3, -12.6, -4, 12.8, 
9.3, 10.3, -3.5, -6.5, 8.2, 6.7, 13.8, 0.6, -11.6, -3, 1.6, -4, 
-5.5, 2.1, 3.7, 17.4, 2.1, -12.1, 16.9, -0.9, 19.5, -3, -10.6, 
-0.9, -7.5, -0.9, 4.7, -21.3, 0.1, -1.4, 2.1, -13.6, -4.5, 10.8, 
-5, -2.4, -16.7, -5.5, 1.6, -11.6, -5.5, 7.2, -9.1, 13.3, 12.8, 
7.7, -9.1),