"bostonc" <-
c("This file contains the Harrison and Rubinfeld (1978) data corrected for a few minor errors and augmented with the latitude and longitude of the observations. This file appears under boston in the statlib index. One can obtain matlab and spreadsheet versions of the information below from www.finance.lsu/re under spatial statistics links.", 
"", "Harrison, David, and Daniel L. Rubinfeld, Hedonic Housing Prices and the Demand for Clean Air, Journal of Environmental Economics and Management, Volume 5, (1978), 81-102. Original data.", 
"", "Gilley, O.W., and R. Kelley Pace, On the Harrison and Rubinfeld Data, Journal of Environmental Economics and Management, 31 (1996), 403-405. Provided corrections and examined censoring.", 
"", "Pace, R. Kelley, and O.W. Gilley, Using the Spatial Configuration of the Data to Improve Estimation,  Journal of the Real Estate Finance and Economics 14 (1997), 333-340. Added georeferencing and spatial estimation.", 
"", "", "OBS.\tTOWN\tTOWN#\tTRACT\tLON\tLAT\tMEDV\tCMEDV\tCRIM\tZN\tINDUS\tCHAS\tNOX\tRM\tAGE\tDIS\tRAD\tTAX\tPTRATIO\tB\tLSTAT", 
"1\tNahant\t0\t2011\t-70.955000\t42.255000\t24.0\t24.0\t0.00632\t18.0\t2.31\t0\t0.538\t6.575\t65.2\t4.0900\t1\t296\t15.3\t396.90\t4.98", 
"2\tSwampscott\t1\t2021\t-70.950000\t42.287500\t21.6\t21.6\t0.02731\t0.0\t7.07\t0\t0.469\t6.421\t78.9\t4.9671\t2\t242\t17.8\t396.90\t9.14", 
"3\tSwampscott\t1\t2022\t-70.936000\t42.283000\t34.7\t34.7\t0.02729\t0.0\t7.07\t0\t0.469\t7.185\t61.1\t4.9671\t2\t242\t17.8\t392.83\t4.03", 
"4\tMarblehead\t2\t2031\t-70.928000\t42.293000\t33.4\t33.4\t0.03237\t0.0\t2.18\t0\t0.458\t6.998\t45.8\t6.0622\t3\t222\t18.7\t394.63\t2.94", 
"5\tMarblehead\t2\t2032\t-70.922000\t42.298000\t36.2\t36.2\t0.06905\t0.0\t2.18\t0\t0.458\t7.147\t54.2\t6.0622\t3\t222\t18.7\t396.90\t5.33", 
"6\tMarblehead\t2\t2033\t-70.916500\t42.304000\t28.7\t28.7\t0.02985\t0.0\t2.18\t0\t0.458\t6.430\t58.7\t6.0622\t3\t222\t18.7\t394.12\t5.21", 
"7\tSalem\t3\t2041\t-70.936000\t42.297000\t22.9\t22.9\t0.08829\t12.5\t7.87\t0\t0.524\t6.012\t66.6\t5.5605\t5\t311\t15.2\t395.60\t12.43", 
"8\tSalem\t3\t2042\t-70.937500\t42.310000\t27.1\t22.1\t0.14455\t12.5\t7.87\t0\t0.524\t6.172\t96.1\t5.9505\t5\t311\t15.2\t396.90\t19.15", 
"9\tSalem\t3\t2043\t-70.933000\t42.312000\t16.5\t16.5\t0.21124\t12.5\t7.87\t0\t0.524\t5.631\t100.0\t6.0821\t5\t311\t15.2\t386.63\t29.93", 
"10\tSalem\t3\t2044\t-70.929000\t42.316000\t18.9\t18.9\t0.17004\t12.5\t7.87\t0\t0.524\t6.004\t85.9\t6.5921\t5\t311\t15.2\t386.71\t17.10", 
"11\tSalem\t3\t2045\t-70.935000\t42.316000\t15.0\t15.0\t0.22489\t12.5\t7.87\t0\t0.524\t6.377\t94.3\t6.3467\t5\t311\t15.2\t392.52\t20.45", 
"12\tSalem\t3\t2046\t-70.944000\t42.317000\t18.9\t18.9\t0.11747\t12.5\t7.87\t0\t0.524\t6.009\t82.9\t6.2267\t5\t311\t15.2\t396.90\t13.27", 
"13\tSalem\t3\t2047\t-70.951000\t42.306000\t21.7\t21.7\t0.09378\t12.5\t7.87\t0\t0.524\t5.889\t39.0\t5.4509\t5\t311\t15.2\t390.50\t15.71", 
"14\tLynn\t4\t2051\t-70.964500\t42.292000\t20.4\t20.4\t0.62976\t0.0\t8.14\t0\t0.538\t5.949\t61.8\t4.7075\t4\t307\t21.0\t396.90\t8.26", 
"15\tLynn\t4\t2052\t-70.972000\t42.287000\t18.2\t18.2\t0.63796\t0.0\t8.14\t0\t0.538\t6.096\t84.5\t4.4619\t4\t307\t21.0\t380.02\t10.26", 
"16\tLynn\t4\t2053\t-70.976500\t42.294000\t19.9\t19.9\t0.62739\t0.0\t8.14\t0\t0.538\t5.834\t56.5\t4.4986\t4\t307\t21.0\t395.62\t8.47", 
"17\tLynn\t4\t2054\t-70.987000\t42.298500\t23.1\t23.1\t1.05393\t0.0\t8.14\t0\t0.538\t5.935\t29.3\t4.4986\t4\t307\t21.0\t386.85\t6.58", 
"18\tLynn\t4\t2055\t-70.978000\t42.285000\t17.5\t17.5\t0.78420\t0.0\t8.14\t0\t0.538\t5.990\t81.7\t4.2579\t4\t307\t21.0\t386.75\t14.67", 
"19\tLynn\t4\t2056\t-70.992500\t42.282500\t20.2\t20.2\t0.80271\t0.0\t8.14\t0\t0.538\t5.456\t36.6\t3.7965\t4\t307\t21.0\t288.99\t11.69", 
"20\tLynn\t4\t2057\t-70.988000\t42.277600\t18.2\t18.2\t0.72580\t0.0\t8.14\t0\t0.538\t5.727\t69.5\t3.7965\t4\t307\t21.0\t390.95\t11.28", 
"21\tLynn\t4\t2058\t-70.983500\t42.277000\t13.6\t13.6\t1.25179\t0.0\t8.14\t0\t0.538\t5.570\t98.1\t3.7979\t4\t307\t21.0\t376.57\t21.02", 
"22\tLynn\t4\t2059\t-70.982000\t42.281000\t19.6\t19.6\t0.85204\t0.0\t8.14\t0\t0.538\t5.965\t89.2\t4.0123\t4\t307\t21.0\t392.53\t13.83", 
"23\tLynn\t4\t2060\t-70.977500\t42.279000\t15.2\t15.2\t1.23247\t0.0\t8.14\t0\t0.538\t6.142\t91.7\t3.9769\t4\t307\t21.0\t396.90\t18.72", 
"24\tLynn\t4\t2061\t-70.973000\t42.279000\t14.5\t14.5\t0.98843\t0.0\t8.14\t0\t0.538\t5.813\t100.0\t4.0952\t4\t307\t21.0\t394.54\t19.88", 
"25\tLynn\t4\t2062\t-70.969300\t42.281600\t15.6\t15.6\t0.75026\t0.0\t8.14\t0\t0.538\t5.924\t94.1\t4.3996\t4\t307\t21.0\t394.33\t16.30", 
"26\tLynn\t4\t2063\t-70.964000\t42.284000\t13.9\t13.9\t0.84054\t0.0\t8.14\t0\t0.538\t5.599\t85.7\t4.4546\t4\t307\t21.0\t303.42\t16.51", 
"27\tLynn\t4\t2064\t-70.959700\t42.287000\t16.6\t16.6\t0.67191\t0.0\t8.14\t0\t0.538\t5.813\t90.3\t4.6820\t4\t307\t21.0\t376.88\t14.81", 
"28\tLynn\t4\t2065\t-70.959700\t42.282500\t14.8\t14.8\t0.95577\t0.0\t8.14\t0\t0.538\t6.047\t88.8\t4.4534\t4\t307\t21.0\t306.38\t17.28", 
"29\tLynn\t4\t2066\t-70.957000\t42.280000\t18.4\t18.4\t0.77299\t0.0\t8.14\t0\t0.538\t6.495\t94.4\t4.4547\t4\t307\t21.0\t387.94\t12.80", 
"30\tLynn\t4\t2067\t-70.951000\t42.278000\t21.0\t21.0\t1.00245\t0.0\t8.14\t0\t0.538\t6.674\t87.3\t4.2390\t4\t307\t21.0\t380.23\t11.98", 
"31\tLynn\t4\t2068\t-70.967000\t42.279000\t12.7\t12.7\t1.13081\t0.0\t8.14\t0\t0.538\t5.713\t94.1\t4.2330\t4\t307\t21.0\t360.17\t22.60", 
"32\tLynn\t4\t2069\t-70.964000\t42.276500\t14.5\t14.5\t1.35472\t0.0\t8.14\t0\t0.538\t6.072\t100.0\t4.1750\t4\t307\t21.0\t376.73\t13.04", 
"33\tLynn\t4\t2070\t-70.972000\t42.276500\t13.2\t13.2\t1.38799\t0.0\t8.14\t0\t0.538\t5.950\t82.0\t3.9900\t4\t307\t21.0\t232.60\t27.71", 
"34\tLynn\t4\t2071\t-70.979500\t42.276000\t13.1\t13.1\t1.15172\t0.0\t8.14\t0\t0.538\t5.701\t95.0\t3.7872\t4\t307\t21.0\t358.77\t18.35", 
"35\tLynn\t4\t2072\t-70.977500\t42.272000\t13.5\t13.5\t1.61282\t0.0\t8.14\t0\t0.538\t6.096\t96.9\t3.7598\t4\t307\t21.0\t248.31\t20.34", 
"36\tSargus\t5\t2081\t-71.000000\t42.270000\t18.9\t18.9\t0.06417\t0.0\t5.96\t0\t0.499\t5.933\t68.2\t3.3603\t5\t279\t19.2\t396.90\t9.68", 
"37\tSargus\t5\t2082\t-71.008000\t42.274500\t20.0\t20.0\t0.09744\t0.0\t5.96\t0\t0.499\t5.841\t61.4\t3.3779\t5\t279\t19.2\t377.56\t11.41", 
"38\tSargus\t5\t2083\t-71.004000\t42.286500\t21.0\t21.0\t0.08014\t0.0\t5.96\t0\t0.499\t5.850\t41.5\t3.9342\t5\t279\t19.2\t396.90\t8.77", 
"39\tSargus\t5\t2084\t-71.020000\t42.287500\t24.7\t24.2\t0.17505\t0.0\t5.96\t0\t0.499\t5.966\t30.2\t3.8473\t5\t279\t19.2\t393.43\t10.13", 
"40\tLynnfield\t6\t2091\t-71.013000\t42.313000\t30.8\t30.8\t0.02763\t75.0\t2.95\t0\t0.428\t6.595\t21.8\t5.4011\t3\t252\t18.3\t395.63\t4.32", 
"41\tLynnfield\t6\t2092\t-71.030000\t42.324000\t34.9\t34.9\t0.03359\t75.0\t2.95\t0\t0.428\t7.024\t15.8\t5.4011\t3\t252\t18.3\t395.62\t1.98", 
"42\tPeabody\t7\t2101\t-71.004000\t42.335000\t26.6\t26.6\t0.12744\t0.0\t6.91\t0\t0.448\t6.770\t2.9\t5.7209\t3\t233\t17.9\t385.41\t4.84", 
"43\tPeabody\t7\t2102\t-71.003000\t42.323500\t25.3\t25.3\t0.14150\t0.0\t6.91\t0\t0.448\t6.169\t6.6\t5.7209\t3\t233\t17.9\t383.37\t5.81", 
"44\tPeabody\t7\t2103\t-70.977500\t42.323700\t24.7\t24.7\t0.15936\t0.0\t6.91\t0\t0.448\t6.211\t6.5\t5.7209\t3\t233\t17.9\t394.46\t7.44", 
"45\tPeabody\t7\t2104\t-70.967500\t42.317000\t21.2\t21.2\t0.12269\t0.0\t6.91\t0\t0.448\t6.069\t40.0\t5.7209\t3\t233\t17.9\t389.39\t9.55", 
"46\tPeabody\t7\t2105\t-70.972500\t42.307500\t19.3\t19.3\t0.17142\t0.0\t6.91\t0\t0.448\t5.682\t33.8\t5.1004\t3\t233\t17.9\t396.90\t10.21", 
"47\tPeabody\t7\t2106\t-70.965000\t42.307500\t20.0\t20.0\t0.18836\t0.0\t6.91\t0\t0.448\t5.786\t33.3\t5.1004\t3\t233\t17.9\t396.90\t14.15", 
"48\tPeabody\t7\t2107\t-70.956000\t42.312500\t16.6\t16.6\t0.22927\t0.0\t6.91\t0\t0.448\t6.030\t85.5\t5.6894\t3\t233\t17.9\t392.74\t18.80", 
"49\tPeabody\t7\t2108\t-70.955000\t42.316500\t14.4\t14.4\t0.25387\t0.0\t6.91\t0\t0.448\t5.399\t95.3\t5.8700\t3\t233\t17.9\t396.90\t30.81", 
