"carprice" <-
structure(list(Type = structure(c(3, 2, 2, 3, 2, 3, 1, 1, 5, 
3, 6, 6, 2, 5, 2, 1, 2, 4, 4, 1, 6, 3, 5, 4, 2, 4, 4, 1, 5, 5, 
6, 3, 2, 3, 2, 5, 3, 1, 3, 6, 2, 5, 4, 1, 5, 3, 2, 4), .Label = c("Compact", 
"Large", "Midsize", "Small", "Sporty", "Van"), class = "factor"), 
    Min.Price = c(14.2, 19.9, 22.6, 26.3, 33, 37.5, 8.5, 11.4, 
    13.4, 13.4, 14.7, 14.7, 18, 34.6, 18.4, 14.5, 29.5, 7.9, 
    8.4, 11.9, 13.6, 14.8, 18.5, 7.9, 17.5, 6.9, 8.4, 10.4, 10.8, 
    12.8, 14.5, 15.6, 20.1, 33.3, 34.4, 13.3, 14.9, 13, 14.2, 
    19.5, 19.5, 11.4, 8.2, 9.4, 14, 15.4, 19.4, 9.2), Price = c(15.7, 
    20.8, 23.7, 26.3, 34.7, 40.1, 13.4, 11.4, 15.1, 15.9, 16.3, 
    16.6, 18.8, 38, 18.4, 15.8, 29.5, 9.2, 11.3, 13.3, 19, 15.6, 
    25.8, 12.2, 19.3, 7.4, 10.1, 11.3, 15.9, 14, 19.9, 20.2, 
    20.9, 34.3, 36.1, 14.1, 14.9, 13.5, 16.3, 19.5, 20.7, 14.4, 
    9, 11.1, 17.7, 18.5, 24.4, 11.1), Max.Price = c(17.3, 21.7, 
    24.9, 26.3, 36.3, 42.7, 18.3, 11.4, 16.8, 18.4, 18, 18.6, 
    19.6, 41.5, 18.4, 17.1, 29.5, 10.6, 14.2, 14.7, 24.4, 16.4, 
    33.1, 16.5, 21.2, 7.9, 11.9, 12.2, 21, 15.2, 25.3, 24.8, 
    21.7, 35.3, 37.8, 15, 14.9, 14, 18.4, 19.5, 21.9, 17.4, 9.9, 
    12.8, 21.4, 21.6, 29.4, 12.9), Range.Price = c(3.1, 1.8, 
    2.3, 0, 3.3, 5.2, 9.8, 0, 3.4, 5, 3.3, 3.9, 1.6, 6.9, 0, 
    2.6, 0, 2.7, 5.8, 2.8, 10.8, 1.6, 14.6, 8.6, 3.7, 1, 3.5, 
    1.8, 10.2, 2.4, 10.8, 9.2, 1.6, 2, 3.4, 1.7, 0, 1, 4.2, 0, 
    2.4, 6, 1.7, 3.4, 7.4, 6.2, 10, 3.7), RoughRange = c(3.09, 
    1.79, 2.31, -0.01, 3.3, 5.18, 9.8, -0.01, 3.38, 5.01, 3.31, 
    3.9, 1.6, 6.88, -0.01, 2.59, 0.02, 2.68, 5.8, 2.81, 10.77, 
    1.6, 14.6, 8.6, 3.69, 1, 3.49, 1.82, 10.21, 2.4, 10.82, 9.21, 
    1.59, 1.99, 3.42, 1.71, -0.02, 0.99, 4.19, 0, 2.41, 6.01, 
    1.69, 3.39, 7.4, 6.19, 10, 3.7), gpm100 = structure(c(3.8, 
    4.2, 4.9, 4.3, 4.9, 4.9, 3.3, 3.4, 4.2, 4, 4.9, 5.7, 4.7, 
    4.8, 4.2, 3.9, 4.3, 3.2, 3.8, 4.1, 5.3, 4.2, 4.8, 3.2, 4.2, 
    3.1, 3.8, 4.1, 3.9, 3.7, 5.7, 3.9, 4.5, 4.7, 4.5, 4.1, 4.4, 
    3.6, 3.7, 4.9, 4.2, 3.8, 2.8, 3.7, 4.2, 4.3, 4.2, 3), .Names = c("6", 
    "7", "8", "9", "10", "11", "12", "13", "14", "15", "16", 
    "17", "18", "19", "20", "21", "22", "23", "24", "25", "26", 
    "27", "28", "29", "30", "31", "32", "33", "34", "35", "36", 
    "37", "38", "51", "52", "60", "61", "68", "69", "70", "71", 
    "72", "73", "74", "75", "76", "77", "79")), MPG.city = c(22, 
    19, 16, 19, 16, 16, 25, 25, 19, 21, 18, 15, 17, 17, 20, 23, 
    20, 29, 23, 22, 17, 21, 18, 29, 20, 31, 23, 22, 22, 24, 15, 
    21, 18, 17, 18, 23, 19, 24, 23, 18, 19, 23, 31, 23, 19, 19, 
    19, 28), MPG.highway = c(31, 28, 25, 27, 25, 25, 36, 34, 
    28, 29, 23, 20, 26, 25, 28, 28, 26, 33, 29, 27, 21, 27, 24, 
    33, 28, 33, 30, 27, 29, 30, 20, 30, 26, 26, 26, 26, 26, 31, 
    31, 23, 28, 30, 41, 31, 28, 27, 28, 38)), .Names = c("Type", 
"Min.Price", "Price", "Max.Price", "Range.Price", "RoughRange", 
"gpm100", "MPG.city", "MPG.highway"), row.names = c("6", "7", 
"8", "9", "10", "11", "12", "13", "14", "15", "16", "17", "18", 
"19", "20", "21", "22", "23", "24", "25", "26", "27", "28", "29", 
"30", "31", "32", "33", "34", "35", "36", "37", "38", "51", "52", 
"60", "61", "68", "69", "70", "71", "72", "73", "74", "75", "76", 
"77", "79"), class = "data.frame")
