"cfseal" <-
structure(list(age = c(33, 10, 10, 10, 12, 18, 19, 23, 31, 33, 
44, 46, 46, 50, 50, 60, 59, 66, 68, 68, 72, 73, 73, 80, 84, 96, 
106, 108, 118, 120), weight = c(27.5, 24.3, 22, 18.5, 28, 23.8, 
18.5, 18, 34, 28.5, 35.8, 30.3, 33, 42, 37.5, 55, 50.5, 57.5, 
67.5, 53.5, 73, 54.5, 68.5, 74, 68, 97, 101, 128, 95, 179), heart = c(127.7, 
93.2, 84.5, 85.4, 182, 130, 98.8, 117.3, 180, 150.4, 145.5, 140, 
168.1, 205, 205, 320.9, 255, 370, 465, 332.8, 449, 282.5, 355, 
310, 532, 667, 440, 1012, 505, 1075), lung = c(605, 436, 380, 
493.9, NA, 550, 470, 592.5, 605, 799.9, 995, 785, 910, 1115, 
1142.6, 1465, 1250, 1580, 2000, 1474.4, NA, 1220, 1790, 1510, 
NA, NA, 2735, NA, 2380, NA), liver = c(855, 435.4, 530, 542, 
949, 1100, 627.2, 632.9, 1040, 1047.1, 1525, 1210, 1195, 1415, 
1099.8, 2250, 2115, 2195, 2990, 2124.2, 2715, 2795, 3875, 3130, 
2937, 4241, 3580, 5172, 3720, 8309), spleen = c(52.5, 24.5, 31.3, 
30.8, 46, 51, 40, 28.9, 45, 41.3, 90, 60.2, 89.3, 80, 57.5, 96.5, 
135, 140, 350, 149.6, 127, 136.5, 145, 118.3, 160, 213, 305, 
284, 425, NA), stomach = c(338.2, 120.4, 237.6, 193.1, 400, 443.2, 
265.9, 280.8, 425, 476.2, 475.6, 360.3, 384.9, 560, 543, 961.8, 
850, 720, 865, 730, 1044, 919, 1390, 985.8, 1209, 1542, 1260, 
1734, 1245, 2500), leftkid = c(107.9, 62.8, 53.5, 66, NA, 145.9, 
92.7, 86.1, 125, 124.5, 176, 127.3, 123.4, 145, 143.3, 226.5, 
200, 220, 255, 227.6, NA, 277.9, 290, 285, NA, NA, 368.4, NA, 
385, NA), rightkid = c(107.5, 63.9, 58, 73.2, NA, 147.3, 88.5, 
86, 120, 123.9, 156.3, 104.9, 125.2, 160, 131.1, 200.7, 215, 
230, 275, 229.3, NA, 262.8, 335, 300, NA, NA, 391.7, NA, 400, 
NA), kidney = c(215, 127, 112, 139, 238, 293, 181, 172, 245, 
248, 332, 232, 249, 305, 274, 427, 415, 450, 530, 457, 605, 541, 
625, 585, 620, 757, 760, 888, 785, 1410), intestines = c(885, 
711.4, 765, 849.6, NA, 1210, 959, 855.4, 1540, 1644, 2405, 1345, 
1460, 1745, 1372, 2805, 2675, 2490, 2880, 2497, NA, 2515, 3535, 
3410, NA, NA, 3570, NA, 3565, NA)), .Names = c("age", "weight", 
"heart", "lung", "liver", "spleen", "stomach", "leftkid", "rightkid", 
"kidney", "intestines"), row.names = c("2", "1", "3", "4", "5", 
"6", "7", "8", "10", "9", "11", "12", "13", "14", "15", "16", 
"17", "18", "19", "20", "23", "21", "22", "24", "25", "26", "27", 
"28", "29", "30"), class = "data.frame")
