"cities" <-
structure(list(CITY = structure(c(20, 8, 22, 10, 3, 1, 11, 25, 
5, 7, 6, 16, 4, 23, 24, 9, 14, 12, 17, 2, 18, 15, 21, 19, 13), .Label = c("Calgary", 
"Chicoutimi", "Edmonton", "Halifax", "Hamilton", "Kitchener", 
"London", "Montreal", "Oshawa", "Ottawa", "Quebec", "Regina", 
"SaintJohn", "Saskatoon", "Sherbrooke", "StCatharines", "StJohns", 
"Sudbury", "ThunderBay", "Toronto", "TroisRivieres", "Vancouver", 
"Victoria", "Windsor", "Winnipeg"), class = "factor"), REGION = structure(c(2, 
3, 5, 2, 5, 5, 3, 4, 2, 2, 2, 2, 1, 5, 2, 2, 4, 4, 1, 3, 2, 3, 
3, 2, 1), .Label = c("ATL", "ON", "QC", "PR", "WEST"), class = "factor"), 
    POP1992 = c(4116.9, 3251.1, 1690.8, 974.6, 870.7, 785.4, 
    672.3, 667.9, 626.8, 400.5, 376.3, 381.8, 331.4, 300.9, 274.4, 
    256.7, 215.6, 196.1, 177.4, 165.7, 166, 144.1, 141.4, 130.2, 
    129.4), POP1993 = c(4198.2, 3288.9, 1734.3, 997.7, 880.3, 
    798.2, 682.6, 671.7, 631.1, 404.3, 382.3, 383.7, 335, 304.8, 
    277.7, 263.4, 216.9, 197.3, 178.6, 166.9, 166.9, 145.4, 141.9, 
    130.6, 129.6), POP1994 = c(4256, 3308.4, 1779.8, 1010.7, 
    881.7, 812.8, 689.4, 673.4, 635.8, 408.3, 388.5, 384.4, 338.8, 
    308.3, 281.5, 269.6, 217.9, 197.8, 178.5, 167.2, 166.6, 146.8, 
    142.5, 130.7, 129.4), POP1995 = c(4346.3, 3335.6, 1832.9, 
    1023.2, 884.7, 831.8, 693.4, 677.3, 643.1, 413.2, 395.4, 
    386.5, 342.5, 311.4, 285.9, 275.6, 220.5, 198.6, 178.5, 167, 
    166.4, 148.2, 143.2, 131, 129.3), POP1996 = c(4444.7, 3359, 
    1891.4, 1030.5, 891.5, 851.6, 697.6, 676.7, 650.4, 416.1, 
    403.3, 389.7, 346.8, 313.4, 291.7, 280.9, 222.1, 199.2, 177.8, 
    166.6, 166.2, 150, 143.6, 131.3, 129.1)), .Names = c("CITY", 
"REGION", "POP1992", "POP1993", "POP1994", "POP1995", "POP1996"
), class = "data.frame", row.names = c("1", "2", "3", "4", "5", 
"6", "7", "8", "9", "10", "11", "12", "13", "14", "15", "16", 
"17", "18", "19", "20", "21", "22", "23", "24", "25"))
