"codling" <-
structure(list(dose = c(5, 8, 12, 16, 20, 24, 5, 8, 12, 16, 20, 
24, 8, 16, 20, 24, 30, 8, 12, 16, 20, 24, 30, 8, 12, 16, 20, 
24, 30, 8, 12, 16, 20, 24, 30, 8, 12, 16, 20, 24, 30, 8, 12, 
16, 20, 24, 30, 8, 12, 16, 20, 24, 30, 8, 12, 16, 20, 24, 30, 
8, 12, 16, 20, 24, 30, 8, 12, 16, 20, 24, 30, 8, 12, 16, 20, 
24, 30, 8, 12, 16, 20, 24, 30, 12, 16, 20, 24, 30, 8, 12, 16, 
20, 24, 30, 12, 16, 23, 24, 30), tot = c(866, 911, 906, 712, 
582, 1183, 603, 640, 627, 788, 977, 1137, 702, 825, 572, 472, 
433, 613, 885, 571, 239, 462, 471, 656, 529, 812, 514, 524, 630, 
664, 582, 504, 449, 522, 596, 392, 428, 541, 638, 743, 314, 619, 
437, 670, 404, 743, 535, 333, 448, 420, 485, 405, 375, 297, 488, 
351, 268, 429, 336, 334, 621, 369, 352, 446, 456, 878, 513, 662, 
1030, 278, 1433, 401, 404, 637, 453, 650, 515, 820, 541, 1166, 
939, 601, 1152, 901, 1164, 952, 1019, 1093, 2965, 1649, 1027, 
2430, 2510, 2097, 1430, 558, 1094, 1156, 795), dead = c(246, 
220, 360, 271, 414, 742, 154, 168, 180, 240, 380, 628, 187, 302, 
500, 417, 424, 219, 367, 188, 151, 423, 466, 218, 184, 368, 236, 
402, 597, 191, 173, 189, 245, 345, 552, 127, 126, 220, 408, 584, 
311, 199, 142, 285, 262, 569, 488, 119, 124, 196, 368, 381, 374, 
109, 166, 208, 235, 413, 330, 96, 203, 211, 276, 412, 441, 273, 
181, 323, 652, 274, 1411, 116, 151, 295, 267, 535, 492, 183, 
147, 556, 633, 421, 1138, 492, 602, 628, 873, 1067, 726, 650, 
728, 1492, 1729, 1968, 531, 273, 911, 937, 788), pobs = c(0.2841, 
0.2415, 0.3974, 0.3806, 0.7113, 0.6272, 0.2554, 0.2625, 0.2871, 
0.3046, 0.3889, 0.5523, 0.2664, 0.3661, 0.8741, 0.8835, 0.9792, 
0.3573, 0.4147, 0.3292, 0.6318, 0.9156, 0.9894, 0.3323, 0.3478, 
0.4532, 0.4591, 0.7672, 0.9476, 0.2877, 0.2973, 0.375, 0.5457, 
0.6609, 0.9262, 0.324, 0.2944, 0.4067, 0.6395, 0.786, 0.9904, 
0.3215, 0.3249, 0.4254, 0.6485, 0.7658, 0.9121, 0.3574, 0.2768, 
0.4667, 0.7588, 0.9407, 0.9973, 0.367, 0.3402, 0.5926, 0.8769, 
0.9627, 0.9821, 0.2874, 0.3269, 0.5718, 0.7841, 0.9238, 0.9671, 
0.3109, 0.3528, 0.4879, 0.633, 0.9856, 0.9846, 0.2893, 0.3738, 
0.4631, 0.5894, 0.8231, 0.9553, 0.2232, 0.2717, 0.4768, 0.6741, 
0.7005, 0.9878, 0.5461, 0.5172, 0.6597, 0.8567, 0.9762, 0.2449, 
0.3942, 0.7089, 0.614, 0.6888, 0.9385, 0.3713, 0.4892, 0.8327, 
0.8106, 0.9912), cm = c(0.2178, 0.2178, 0.2178, 0.2178, 0.2178, 
0.2178, 0.216, 0.216, 0.216, 0.216, 0.216, 0.216, 0.2641, 0.2641, 
0.2641, 0.2641, 0.2641, 0.2765, 0.2765, 0.2765, 0.2765, 0.2765, 
0.2765, 0.2126, 0.2126, 0.2126, 0.2126, 0.2126, 0.2126, 0.1997, 
0.1997, 0.1997, 0.1997, 0.1997, 0.1997, 0.2141, 0.2141, 0.2141, 
0.2141, 0.2141, 0.2141, 0.2368, 0.2368, 0.2368, 0.2368, 0.2368, 
0.2368, 0.1779, 0.1779, 0.1779, 0.1779, 0.1779, 0.1779, 0.1506, 
0.1506, 0.1506, 0.1506, 0.1506, 0.1506, 0.1978, 0.1978, 0.1978, 
0.1978, 0.1978, 0.1978, 0.2353, 0.2353, 0.2353, 0.2353, 0.2353, 
0.2353, 0.2523, 0.2523, 0.2523, 0.2523, 0.2523, 0.2523, 0.1946, 
0.1946, 0.1946, 0.1946, 0.1946, 0.1946, 0.2357, 0.2357, 0.2357, 
0.2357, 0.2357, 0.1879, 0.1879, 0.1879, 0.1879, 0.1879, 0.1879, 
0.2481, 0.2481, 0.2481, 0.2481, 0.2481), ct = c(15.5941666666667, 
20.2604166666667, 28.6029166666667, 32.6883333333333, 45.4270833333333, 
45.4429166666667, 16.2583333333333, 25.1770833333333, 32.7829166666667, 
40.1695833333333, 45.0933333333333, 53.7120833333333, 22.3829166666667, 
33.06, 50.3742720450844, 53.2475, 59.0816666666667, 23.39875, 
32.9283333333333, 39.4425, 47.3595833333333, 54.53625, 60.5016666666667, 
29.3770833333333, 32.73, 39.1920833333333, 42.8283333333333, 
51.4825, 60.20875, 25.3783333333333, 33.3458333333333, 40.0575, 
47.5983333333333, 53.94625, 61.8966666666667, 27.3968856864114, 
33.1066666666667, 40.12875, 47.6920833333333, 54.77875, 63.2333333333333, 
27.2933333333333, 32.9266666666667, 40.08625, 47.9370833333333, 
53.5170833333333, 61.7095833333333, 28.1191666666667, 31.0508333333333, 
38.7316666666667, 46.4852289423014, 51.7720833333333, 64.75375, 
28.5666666666667, 32.1966666666667, 39.4133333333333, 53.6816666666667, 
54.0372821059842, 62.41, 26.14875, 31.7758333333333, 40.3879166666667, 
47.0875, 53.76875, 64.7441666666667, 26.7354166666667, 32.1033333333333, 
40.9820833333333, 48.69625, 53.3166666666667, 64.995, 27.1040984981597, 
33.1152541053518, 40.7106708886953, 45.9823271577513, 53.682656056134, 
62.5694727533174, 29.0990103044695, 33.9473321403348, 41.7075945998572, 
49.5625684076822, 54.326580708295, 64.32503985641, 37.8645833333333, 
42.0395833333333, 49.68125, 56.2041666666667, 63.4945833333333, 
27.7083333333333, 34.5866666666667, 40.3966666666667, 46.5675, 
51.9270833333333, 62.51875, 34.9229166666667, 42.5129166666667, 
54.66375, 53.87, 64.13375), Cultivar = c("ROYAL", "ROYAL", "ROYAL", 
"ROYAL", "ROYAL", "ROYAL", "ROYAL", "ROYAL", "ROYAL", "ROYAL", 
"ROYAL", "ROYAL", "BRAEBURN", "BRAEBURN", "BRAEBURN", "BRAEBURN", 
"BRAEBURN", "BRAEBURN", "BRAEBURN", "BRAEBURN", "BRAEBURN", "BRAEBURN", 
"BRAEBURN", "FUJI", "FUJI", "FUJI", "FUJI", "FUJI", "FUJI", "FUJI", 
"FUJI", "FUJI", "FUJI", "FUJI", "FUJI", "GRANNY", "GRANNY", "GRANNY", 
"GRANNY", "GRANNY", "GRANNY", "GRANNY", "GRANNY", "GRANNY", "GRANNY", 
"GRANNY", "GRANNY", "Red Delicious", "Red Delicious", "Red Delicious", 
"Red Delicious", "Red Delicious", "Red Delicious", "Red Delicious", 
"Red Delicious", "Red Delicious", "Red Delicious", "Red Delicious", 
"Red Delicious", "Red Delicious", "Red Delicious", "Red Delicious", 
"Red Delicious", "Red Delicious", "Red Delicious", "Gala", "Gala", 
"Gala", "Gala", "Gala", "Gala", "Gala", "Gala", "Gala", "Gala", 
"Gala", "Gala", "Red Delicious", "Red Delicious", "Red Delicious", 
"Red Delicious", "Red Delicious", "Red Delicious", "Red Delicious", 
"Red Delicious", "Red Delicious", "Red Delicious", "Red Delicious", 
"Splendour", "Splendour", "Splendour", "Splendour", "Splendour", 
"Splendour", "Splendour", "Splendour", "Splendour", "Splendour", 
"Splendour"), gp = c(1, 1, 1, 1, 1, 1, 2, 2, 2, 2, 2, 2, 3, 3, 
3, 3, 3, 4, 4, 4, 4, 4, 4, 5, 5, 5, 5, 5, 5, 6, 6, 6, 6, 6, 6, 
7, 7, 7, 7, 7, 7, 8, 8, 8, 8, 8, 8, 9, 9, 9, 9, 9, 9, 10, 10, 
10, 10, 10, 10, 11, 11, 11, 11, 11, 11, 12, 12, 12, 12, 12, 12, 
13, 13, 13, 13, 13, 13, 14, 14, 14, 14, 14, 14, 15, 15, 15, 15, 
15, 16, 16, 16, 16, 16, 16, 17, 17, 17, 17, 17), year = structure(as.integer(c(1, 
1, 1, 1, 1, 1, 1, 1, 1, 1, 1, 1, 1, 1, 1, 1, 1, 1, 1, 1, 1, 1, 
1, 1, 1, 1, 1, 1, 1, 1, 1, 1, 1, 1, 1, 1, 1, 1, 1, 1, 1, 1, 1, 
1, 1, 1, 1, 1, 1, 1, 1, 1, 1, 1, 1, 1, 1, 1, 1, 1, 1, 1, 1, 1, 
1, 2, 2, 2, 2, 2, 2, 2, 2, 2, 2, 2, 2, 2, 2, 2, 2, 2, 2, 2, 2, 
2, 2, 2, 2, 2, 2, 2, 2, 2, 2, 2, 2, 2, 2)), .Label = c("1988", 
"1989"), class = "factor"), numcm = c(1676, 1676, 1676, 1676, 
1676, 1676, 1597, 1597, 1597, 1597, 1597, 1597, 1662, 1662, 1662, 
1662, 1662, 2123, 2123, 2123, 2123, 2123, 2123, 1392, 1392, 1392, 
1392, 1392, 1392, 1773, 1773, 1773, 1773, 1773, 1773, 2284, 2284, 
2284, 2284, 2284, 2284, 3277, 3277, 3277, 3277, 3277, 3277, 1147, 
1147, 1147, 1147, 1147, 1147, 1122, 1122, 1122, 1122, 1122, 1122, 
1067, 1067, 1067, 1067, 1067, 1067, 2214, 2214, 2214, 2214, 2214, 
2214, 3226, 3226, 3226, 3226, 3226, 3226, 4177, 4177, 4177, 4177, 
4177, 4177, 2333, 2333, 2333, 2333, 2333, 1474, 1474, 1474, 1474, 
1474, 1474, 2648, 2648, 2648, 2648, 2648)), .Names = c("dose", 
"tot", "dead", "pobs", "cm", "ct", "Cultivar", "gp", "year", 
"numcm"), row.names = c("1", "2", "3", "4", "5", "6", "7", "8", 
"9", "10", "11", "12", "13", "15", "16", "17", "18", "19", "20", 
"21", "22", "23", "24", "25", "26", "27", "28", "29", "30", "31", 
"32", "33", "34", "35", "36", "37", "38", "39", "40", "41", "42", 
"43", "44", "45", "46", "47", "48", "49", "50", "51", "52", "53", 
"54", "55", "56", "57", "58", "59", "60", "61", "62", "63", "64", 
"65", "66", "211", "322", "433", "544", "655", "76", "97", "108", 
"119", "1210", "1311", "14", "1612", "1713", "1814", "1915", 
"2016", "2117", "2419", "2520", "2621", "2722", "2823", "3024", 
"3125", "3226", "3327", "3428", "3529", "3831", "3932", "4033", 
"4134", "4235"),