"cuckoohosts" <-
structure(list(clength = c(22.3, 23.1, 22.5, 22.6, 23.1, 21.1, 
22.2, 22.6, 23.05, 22.9), cl.sd = c(0.89, 1.01, 0.66, 0.9, 0.85, 
0.76, 0.65, 0.74, 0.13, 1.26), cbreadth = c(16.7, 16.8, 16.4, 
16.6, 16.6, 15.8, 16.7, 16.6, 16.5, 16.6), cb.sd = c(0.38, 0.52, 
0.53, 0.45, 0.44, 0.3, 0.57, 0.48, 0.48, 0.87), cnum = c(45, 
14, 16, 26, 15, 15, 10, 9, 4, 4), hlength = c(19.7, 20.1, 20.2, 
20.75, 20, 17.7, NA, 21.55, NA, NA), hl.sd = c(1.25, 0.81, 0.86, 
1.44, 0.7, 17.7, NA, 0.68, NA, NA), hbreadth = c(14.6, 14.7, 
15.4, 14.67, 15.1, 12.7, NA, 16.04, NA, NA), hb.sd = c(0.56, 
14.7, 15.4, 0.37, 0.48, 0.37, 0.45, 0.4, NA, NA), hnum = c(74, 
26, 57, 16, 27, NA, NA, 32, NA, NA), match = c(56, 1, 7, 26, 
11, 0, 7, 0, 4, 1), nomatch = c(6, 19, 11, 3, 4, 17, 13, 12, 
4, 7)), .Names = c("clength", "cl.sd", "cbreadth", "cb.sd", "cnum", 
"hlength", "hl.sd", "hbreadth", "hb.sd", "hnum", "match", "nomatch"
), row.names = c("meadow.pipit", "hedge.sparrow", "robin", "wagtails", 
"tree.pipit", "wren", "reed.warbler", "yellow.ammer", "garden.warbler", 
"orphean.warbler"), class = "data.frame")
