"droughts" <-
structure(list(length = c(0.04, 27.67, 0.08, 0.54, 0.21, 0.04, 
6.83, 0.12, 0.04, 3.04, 1.71, 0.58, 0.04, 0.13, 0.58, 0.04, 0.08, 
2.08, 3.92, 0.5, 0.12, 4, 0.54, 0.04, 2.87, 0.46, 0.33, 0.25, 
2.5, 0.04, 0.21, 0.83, 0.08, 5, 0.67, 0.04, 0.25, 11.71, 9.33, 
3.83, 4.92, 2.79, 6.25, 0.17, 4.96, 3.42, 0.96, 0.04, 0.21, 3.67, 
0.04, 2, 1.37, 0.04, 1.21, 0.17, 8.46, 0.04, 0.04, 1.17, 1.75, 
0.17, 0.12, 3.17, 3.96, 0.29, 0.08, 7.21, 4, 0.08, 2.96, 10.88, 
0.25, 0.04, 0.13, 1.13, 7.71, 0.08, 7.83, 0.04, 0.13, 0.04, 0.21, 
5.38, 10.04, 0.04, 0.12, 0.63, 0.29, 0.33, 2.87, 28.08, 2.5, 
19.54, 10.33, 0.96, 0.08, 0.08, 0.12, 0.17, 0.17, 0.29, 0.08, 
0.04, 0.21, 3.42, 3.58, 0.87, 0.83, 2.46, 0.21, 5.46, 3.04, 13.46, 
6.5, 0.04, 0.08, 8.29, 0.71, 0.42, 0.04, 4.79, 0.12, 0.08, 1.67, 
0.58, 8.21, 0.04, 0.04, 0.42, 0.08, 0.08, 3.29, 0.25, 1.79, 14.96, 
0.08, 0.08, 8.08, 0.13, 1.75, 0.04, 0.08, 0.04, 3.79, 1, 1.71, 
0.17, 1.54, 0.08, 2.5, 0.29, 0.17, 0.04, 0.04, 0.08, 5.92, 0.04, 
0.21, 0.08, 0.08, 0.25, 0.08, 0.04, 3.71, 2.92, 0.04, 0.29, 2.42, 
0.21, 4.37, 0.46, 8.12, 9.71, 2.08, 1.42, 0.12, 0.29, 1.17, 0.29, 
9.96, 0.04, 1.79, 0.08, 1.08, 0.12, 0.33, 0.21, 0.04, 0.12, 3.79, 
0.71, 0.04, 1, 3.46, 0.08, 0.12, 0.58, 0.58, 0.75, 0.12, 5.46, 
0.25, 3.13, 0.79, 2.83, 0.08, 3.25, 0.46, 0.04, 4.96, 3.04, 0.21, 
0.25, 2.33, 5.42, 0.17, 0.04, 0.83, 0.08, 0.08, 5.58, 21.88, 
3.37, 4.04, 0.08, 5.88, 12.38, 2.46, 0.04, 2.46, 1.79, 0.38, 
0.04, 7.83, 0.17, 0.04, 0.04, 7.83, 3.75, 7.88, 5.33, 0.04, 0.17, 
0.17, 0.04, 0.08, 0.04, 3.83, 0.08, 0.08, 8.63, 0.08, 3.96, 0.04, 
0.5, 0.12, 0.04, 2.33, 0.42, 0.04, 2.08, 0.29, 1.67, 0.08, 1.62, 
0.25, 1.92, 0.04, 0.25, 5.29, 0.42, 4.12, 1.96, 1.62, 2.29, 8.33, 
2.79, 0.29, 0.75, 1.5, 2.5, 0.79, 1.83, 0.04, 5.42, 1.5, 0.25, 
10.5, 2.13, 0.17, 0.04, 4, 3, 0.12, 0.08, 2.21, 2.58, 0.04, 0.08, 
2.13, 4.21, 0.92, 0.04, 0.17, 0.08, 0.08, 0.08, 12.29, 0.5, 3.38, 
2.92, 0.04, 1.63, 4.5, 3.46, 4.08, 18.92, 0.04, 15.29, 4.79, 
0.04, 0.37, 0.17, 4.38, 0.54, 2.25, 0.58, 0.5, 0.29, 0.83, 1.75, 
0.17, 4.67, 2.42, 21.33, 0.04, 0.12, 2.88, 0.04, 0.04, 0.04, 
4.46, 0.08, 0.13, 0.75, 0.17, 0.17, 3.83, 0.17, 0.29, 9.04, 3.83, 
1.92, 0.21, 17.58, 0.04, 0.04, 4.58, 0.04, 1.58, 8.08, 0.08, 
0.17, 0.08, 3.96, 6.71, 0.62, 1.08, 1.17, 0.21, 3.12, 1.38, 0.04, 
1.54, 1.17, 0.04, 1.12, 0.33, 5.29, 1.04, 0.13, 5.04, 3.08, 7.21, 
5.25, 1.17, 0.04, 0.04, 0.13, 0.12, 0.04, 0.25, 2.08, 0.92, 0.21, 
10.29, 9.54, 14.67, 0.08, 0.04, 0.5, 2.29, 0.08, 0.25, 2.88, 
0.25, 0.04, 0.04, 8.04, 1.79, 10.92, 3.17, 0.37, 0.12, 0.04, 
0.21, 1.63, 0.08, 9.08, 2.58, 0.63, 3.04, 0.42, 0.13, 0.12, 0.42, 
0.12, 0.08, 0.17, 0.08, 0.08, 0.04, 0.08, 0.04, 4.67, 0.21, 1.54, 
0.04, 0.42, 0.37, 0.04, 0.04, 3.75, 0.79, 11.5, 1.04, 3.71, 0.33, 
0.25, 0.58, 0.12, 0.17, 0.58, 0.04, 0.42, 0.21, 0.04, 2.54, 0.21, 
1.87, 2.79, 2.21, 2.54, 0.75, 0.46, 0.42, 0.21, 0.04, 2.58, 0.75, 
2.21, 1.29, 1.67, 6.5, 6.33, 0.17, 0.08, 7.96, 3.5, 1.88, 7.25, 
0.29, 0.04, 0.04, 2.38, 0.37, 0.17, 0.04, 0.67, 0.04, 0.71, 3.21, 
0.04, 0.04, 0.04, 4.38, 0.29, 5.21, 1.46, 0.17, 0.04, 0.08, 0.12, 
0.17, 4.96, 0.13, 0.04, 1.75, 4.71, 7.83, 5.79, 0.04, 5.21, 0.25, 
0.04, 10.54, 0.5, 3.17, 4.58, 1.75, 0.08, 21.29, 0.08, 0.04, 
1.42, 0.08, 0.12, 0.75, 0.71, 0.12, 3.42, 0.08, 0.42, 0.13, 0.17, 
0.58, 8, 3.54, 0.04, 1.58, 3.87, 1.42, 0.62, 0.04, 0.17, 5.04, 
2.25, 2.12, 1.38, 0.46, 4.79, 0.96, 0.04, 0.62, 0.04, 2.88, 0.04, 
0.42, 2.75, 7.83, 1.54, 2.46, 1.92, 0.04, 8.79, 3.92, 0.71, 1.21, 
5.13, 0.08, 3.08, 1.17, 5.12, 0.04, 0.08, 8.21, 0.04, 0.25, 2.62, 
0.29, 8.96, 0.08, 15.08, 0.04, 3.63, 1.5, 0.13, 0.5, 8.58, 8.29, 
0.08, 1.75, 5.88, 0.12, 16.38, 14.83, 0.12, 0.08, 1.25, 0.04, 
0.04, 0.92, 14.5, 3.67, 0.04, 6.5, 0.08, 0.75, 0.08, 0.25, 5.67, 
1.83, 0.08, 0.83, 1.92, 0.17, 0.12, 3.71, 0.04, 0.25, 0.96, 0.25, 
14.83, 0.79, 0.08, 6.71, 1.62, 0.21, 0.04, 1.21, 0.37, 0.04, 
1.62, 0.67, 0.04, 1.42, 0.04, 0.25, 0.54, 7.87, 0.17, 24.37, 
2.42, 0.04, 0.54, 1.21, 11.42, 6.71, 0.25, 3.25, 0.04, 0.04, 
0.04, 1.38, 0.04, 2.71, 1, 3.21, 0.54, 2.58, 3.75, 0.25, 12.54, 
2.92, 0.04, 0.58, 0.04, 6.04, 0.12, 0.04, 0.04, 0.21, 11.54, 
0.13, 1.58, 1, 0.04, 1.75, 2.29, 0.04, 3.37, 0.54, 2.54, 2.21, 
4.67, 0.17, 0.21, 2.67, 7.08, 0.08, 2.12, 0.08, 6.42, 3.04, 2.13, 
0.12, 1.29, 1.42, 0.25, 4.21, 0.58, 1.37, 6, 0.46, 0.17, 0.17, 
0.42, 0.04, 3.21, 1.71, 3.58, 0.04, 1, 2.12, 1.29, 0.04, 1.5, 
0.12, 0.04, 0.12, 0.21, 0.04, 0.04, 1.54, 0.12, 0.13, 0.75, 0.12, 
3.5, 0.38, 0.04, 0.08, 4.96, 1.92, 1.92, 0.04, 0.08, 0.25, 0.17, 
0.17, 0.71, 0.21, 0.29, 1.5, 0.33, 8.83, 0.08, 0.5, 0.04, 0.08, 
4.67, 0.42, 0.04, 2.08, 0.17, 0.04, 6.5, 0.13, 0.17, 1, 11.25, 
0.04, 0.08, 3.04, 2, 6.29, 4.75, 0.04, 0.04, 0.25, 4.21, 0.54, 
3.21, 0.08, 0.12, 0.46, 0.67, 0.04, 1.08, 0.58, 0.12, 4.29, 5.75, 
7.87, 3.83, 0.12, 0.04, 0.04, 0.13, 2.12, 6.21, 0.04, 2.13, 5.67, 
7.33, 0.04, 0.04, 0.21, 0.21, 0.04, 0.33, 0.04, 0.04, 1.25, 0.29, 
4.29, 0.04, 0.46, 0.04, 2, 0.75, 0.08, 0.29, 0.04, 1.42, 0.83, 
2.46, 0.96, 1.25, 2.75, 1.04, 4, 2.33, 0.04, 0.21, 0.21, 0.08, 
2.96, 0.37, 3.96, 2.12, 0.29, 0.29, 0.29, 4.96, 0.71, 0.08, 0.04, 
3.54, 0.04, 9.04, 2.79, 0.25, 1.92, 2.04, 0.42, 1.5, 0.04, 0.12, 
1.67, 0.04, 0.67, 2.67, 4.79, 5.75, 0.67, 0.12, 2.17, 0.13, 0.17, 
0.04, 0.37, 3.17, 0.08, 0.08, 2, 0.04, 1.88, 0.17, 0.04, 3.33, 
0.04, 7.5, 0.67, 0.25, 0.25, 0.04, 0.08, 11.17, 1.04, 0.04, 5.42, 
4.67, 0.04, 2.33, 2.37, 0.17, 0.04, 0.21, 0.04, 4.25, 0.46, 3.87, 
0.04, 0.04, 1.83, 1.46, 0.08, 0.08, 0.04, 0.04, 1, 1.29, 0.17, 
1.25, 6.54, 0.04, 0.17, 1.79, 0.5, 0.37, 0.04, 0.12, 4.54, 6.21, 
0.04, 1.87, 0.17, 0.08, 1.62, 2.96, 0.04, 2.12, 0.12, 0.04, 2.88, 
1.21, 4.58, 0.21, 1.29, 4.75, 4.13, 0.62, 0.79, 1.46, 3.21, 0.08, 
0.04, 16.96, 0.08, 0.08, 2.04, 3.67, 7.42, 0.17, 0.21, 0.04, 
3.04, 3.67, 1.37, 1.21, 0.04, 0.17, 2.08, 0.04, 0.46, 0.04, 2.54, 
5.38, 0.04, 0.04, 0.33, 0.04, 0.04, 3.04, 0.5, 0.25, 0.13, 0.04, 
29.21, 0.13, 0.08, 0.04, 0.08, 1.12, 0.96, 0.04, 1.04, 1.71, 
0.29, 0.08, 0.12, 0.08, 0.21, 0.04, 0.08, 0.04, 0.08, 0.04, 13.13, 
4.08, 16.13, 0.13, 1.25, 0.04, 0.12, 0.04, 11, 7.04, 0.04, 2.96, 
4.42, 2.17, 5.04, 0.08, 0.04, 6.21, 6.46, 0.5, 0.5, 4.13, 0.08, 
0.04, 0.29, 0.87, 0.08, 0.08, 0.67, 3.37, 0.79, 2.04, 0.21, 0.04, 
2.96, 0.5, 2.92, 1.17, 0.29, 0.12, 2, 0.29, 0.04, 2.71, 0.46, 
3.17, 2.79, 1.96, 0.33, 0.08, 0.08, 0.08, 2.83, 1.88, 0.04, 0.96, 
0.21, 1.54, 1.42, 0.08, 1.21, 0.04, 0.12, 0.33, 0.58, 0.04, 1.83, 
0.13, 0.79, 0.04, 0.17, 0.08, 2.13, 13.29, 2.87, 0.25, 2.21, 
4.58, 0.75, 7.67, 2.71, 0.75, 0.08, 0.04, 0.29, 0.46, 1.37, 7.62, 
0.04, 1, 4.33, 0.38, 1.21, 3.92, 3.71, 1.17, 0.13, 0.46, 0.75, 
0.58, 2.75, 0.5, 0.04, 0.04, 0.08, 5.63, 0.04, 0.04, 2.63, 0.08, 
0.5, 0.92, 0.04, 0.08, 8.04, 18.42, 0.79, 0.04, 0.71, 4.88, 20.04, 
4, 0.04, 0.88, 0.58, 6.88, 0.04, 0.04, 0.04, 0.04, 0.08, 0.08, 
3.79, 8.58, 5.96, 0.04, 12.71, 0.04, 0.21, 1.21, 0.42, 0.04, 
0.42, 8.46, 6, 0.04, 2.04, 0.25, 4.58, 0.04, 0.04, 0.33, 7.75, 
0.92, 8.88, 1.83, 0.33, 0.75, 0.17, 0.04, 1.75, 1.54, 0.29, 0.75, 
4.29, 0.04, 3.33, 0.79, 6.38, 2.67, 0.04, 3.25, 1.87, 0.04, 6.71, 
1.25, 16.12, 0.38, 2.42, 0.08, 12.17, 1.75, 1.79, 4.08, 0.08, 
3.17, 0.08, 0.25, 0.62, 6.04, 5.83, 0.04, 26.17, 25.75, 13.38, 
0.04, 0.04, 0.04, 0.08, 1.21, 0.17, 0.12, 14.54, 0.08, 5.62, 
1.29, 9.08, 1.33, 1.62, 0.04, 4.79, 0.08, 0.04, 3.08, 0.33, 0.08, 
0.08, 0.04, 0.04, 0.04, 0.63, 3.37, 0.12, 1.08, 0.04, 0.13, 0.62, 
3.88, 0.04, 0.33, 2.25, 0.33, 0.08, 0.79, 0.04, 0.38, 0.04, 0.08, 
0.04, 0.04, 0.04, 0.21, 0.04, 0.33, 6.08, 4.88, 0.42, 3.04, 1.5, 
6.29, 0.79, 3.5, 0.46, 4.71, 0.83, 0.04, 2.38, 0.04, 0.04, 2.25, 
0.08, 8.58, 0.04, 0.25, 1.5, 0.04, 3.04, 6.42, 0.04, 5.46, 0.08, 
0.04, 0.12, 6.17, 1.54, 0.08, 1.13, 0.33, 0.71, 0.08, 8.46, 0.04, 
1.46, 0.33, 0.08, 6.42, 0.08, 1.83, 0.17, 8.13, 0.21, 0.08, 5.21, 
0.08, 0.17, 0.08, 0.5, 1.5, 0.04, 0.04, 1.04, 13.96, 0.67, 3.13, 
1, 0.33, 11.54, 0.38, 0.04, 0.42, 6.71, 0.58, 0.12, 0.08, 5.5, 
0.83, 0.25, 2.08, 4.33, 2, 1.75, 0.04, 1.33, 0.08, 3.79, 0.75, 
