"frogs" <-
structure(list(pres.abs = c(1, 1, 1, 1, 1, 1, 1, 1, 1, 1, 1, 
1, 1, 1, 1, 1, 1, 1, 1, 1, 1, 1, 1, 1, 1, 1, 1, 1, 1, 1, 1, 1, 
1, 1, 1, 1, 1, 1, 1, 1, 1, 1, 1, 1, 1, 1, 1, 1, 1, 1, 1, 1, 1, 
1, 1, 1, 1, 1, 1, 1, 1, 1, 1, 1, 1, 1, 1, 1, 1, 1, 1, 1, 1, 1, 
1, 1, 0, 0, 0, 0, 0, 0, 0, 0, 0, 0, 0, 0, 0, 0, 0, 0, 0, 0, 0, 
0, 0, 0, 0, 0, 0, 0, 0, 0, 0, 0, 0, 0, 0, 0, 0, 0, 0, 0, 0, 0, 
0, 0, 0, 0, 0, 0, 0, 0, 0, 0, 0, 0, 0, 0, 0, 0, 0, 0, 0, 0, 0, 
0, 0, 0, 0, 0, 1, 0, 0, 0, 0, 0, 0, 0, 0, 0, 0, 0, 0, 0, 0, 0, 
0, 0, 0, 0, 0, 0, 0, 0, 0, 0, 0, 0, 0, 0, 0, 0, 0, 0, 0, 0, 0, 
0, 0, 1, 1, 0, 0, 0, 0, 0, 0, 0, 0, 0, 0, 0, 0, 0, 0, 0, 0, 0, 
0, 0, 0, 0, 0, 0, 0, 0, 0, 0, 0, 0), northing = c(115, 110, 112, 
109, 109, 106, 105, 84, 88, 91, 105, 110, 98, 91, 89, 198, 197, 
190, 194, 192, 191, 200, 192, 187, 187, 204, 195, 136, 133, 201, 
198, 208, 219, 214, 230, 223, 227, 209, 205, 204, 208, 227, 217, 
213, 182, 203, 200, 191, 193, 194, 188, 186, 202, 203, 229, 222, 
228, 209, 233, 219, 217, 217, 217, 216, 188, 226, 272, 291, 288, 
297, 311, 312, 313, 303, 312, 285, 297, 297, 208, 211, 302, 290, 
300, 328, 170, 178, 311, 300, 310, 312, 301, 298, 302, 305, 106, 
299, 297, 298, 298, 289, 299, 232, 302, 302, 308, 290, 291, 289, 
283, 281, 283, 285, 289, 305, 303, 309, 298, 227, 219, 332, 335, 
330, 333, 199, 238, 240, 263, 256, 186, 192, 197, 186, 195, 184, 
198, 296, 280, 145, 154, 163, 199, 201, 244, 196, 227, 238, 243, 
243, 239, 238, 195, 244, 286, 282, 261, 285, 128, 301, 299, 304, 
305, 313, 295, 316, 301, 308, 223, 221, 165, 143, 159, 152, 155, 
217, 180, 187, 192, 212, 263, 207, 185, 104, 203, 136, 208, 126, 
132, 317, 304, 295, 289, 280, 270, 268, 273, 119, 132, 217, 228, 
246, 226, 212, 220, 224, 255, 289, 295, 143, 299, 287, 269, 186
), easting = c(1047, 1042, 1040, 1033, 1032, 1018, 1015, 1014, 
1023, 1025, 1037, 1047, 1019, 1018, 1020, 1090, 1086, 1119, 1117, 
1100, 1103, 1127, 1108, 1105, 1108, 1130, 1119, 1101, 1098, 1216, 
1182, 1222, 1155, 1092, 1094, 1072, 1082, 1066, 1063, 1061, 1070, 
1085, 1089, 1088, 1007, 1053, 1050, 1039, 1037, 1035, 1017, 1020, 
995, 1002, 1106, 1119, 1092, 1009, 1087, 991, 1043, 1042, 1023, 
995, 955, 981, 1014, 1008, 1006, 1032, 1009, 1026, 1030, 916, 
891, 821, 897, 802, 972, 977, 809, 809, 812, 1086, 935, 942, 
932, 908, 886, 877, 904, 876, 915, 920, 1026, 900, 1012, 1015, 
1010, 1006, 1005, 1142, 1079, 1084, 1089, 801, 803, 801, 818, 
832, 831, 825, 1033, 1042, 1043, 1045, 1042, 986, 717, 1092, 
1098, 1090, 1096, 1003, 1142, 1139, 786, 775, 1096, 1112, 1121, 
1125, 1124, 1131, 1093, 740, 730, 945, 954, 955, 977, 988, 998, 
937, 1107, 1113, 1112, 1109, 1110, 1118, 947, 824, 730, 718, 
729, 735, 1075, 1031, 1021, 1022, 1014, 1015, 1034, 1022, 1012, 
1024, 1043, 1034, 1065, 1045, 1045, 1043, 1047, 1017, 958, 1024, 
1026, 1093, 1012, 707, 673, 1016, 962, 1097, 1219, 1120, 1130, 
998, 988, 984, 990, 985, 978, 995, 1002, 1003, 1092, 1017, 984, 
1000, 968, 998, 1051, 988, 1008, 1033, 1046, 1047, 730, 730, 
729, 1108), altitude = c(1500, 1520, 1540, 1590, 1590, 1600, 
1600, 1560, 1560, 1560, 1580, 1520, 1460, 1510, 1520, 1320, 1320, 
1300, 1300, 1320, 1320, 1320, 1320, 1300, 1300, 1340, 1300, 1300, 
1300, 1400, 1480, 1360, 1420, 1480, 1580, 1530, 1500, 1480, 1480, 
1480, 1460, 1540, 1490, 1480, 1480, 1520, 1500, 1460, 1480, 1480, 
1500, 1500, 1600, 1540, 1480, 1460, 1560, 1600, 1560, 1600, 1600, 
1600, 1620, 1600, 1580, 1600, 1700, 1620, 1620, 1620, 1700, 1700, 
1680, 1640, 1620, 1670, 1660, 1610, 1620, 1620, 1600, 1600, 1580, 
1490, 1640, 1520, 1600, 1640, 1660, 1700, 1650, 1730, 1640, 1650, 
1560, 1660, 1650, 1650, 1640, 1640, 1610, 1560, 1600, 1560, 1580, 
1510, 1520, 1510, 1680, 1700, 1670, 1670, 1540, 1590, 1600, 1570, 
1580, 1610, 1620, 1490, 1490, 1500, 1490, 1600, 1560, 1540, 1600, 
1510, 1320, 1290, 1290, 1300, 1300, 1290, 1320, 1540, 1640, 1400, 
1380, 1400, 1580, 1560, 1670, 1780, 1570, 1600, 1600, 1570, 1610, 
1560, 1680, 1760, 1660, 1700, 1600, 1600, 1300, 1620, 1700, 1700, 
1660, 1710, 1610, 1690, 1620, 1710, 1600, 1700, 1290, 1300, 1330, 
1320, 1350, 1600, 1580, 1480, 1480, 1480, 1640, 1640, 1720, 1600, 
1680, 1300, 1350, 1500, 1520, 1700, 1660, 1680, 1700, 1800, 1790, 
1720, 1760, 1600, 1280, 1600, 1600, 1600, 1600, 1600, 1580, 1610, 
1620, 1640, 1580, 1300, 1580, 1640, 1660, 1440), distance = c(500, 
250, 250, 250, 250, 500, 250, 750, 250, 250, 500, 500, 750, 250, 
250, 500, 500, 500, 250, 250, 250, 500, 500, 250, 250, 500, 250, 
250, 250, 750, 3250, 750, 3250, 1000, 500, 1000, 500, 500, 500, 
500, 500, 500, 500, 500, 1250, 500, 500, 250, 250, 250, 500, 
500, 750, 750, 1250, 1500, 500, 750, 750, 500, 250, 250, 2000, 
500, 1750, 1250, 2000, 750, 750, 1750, 2000, 500, 500, 2500, 
2500, 8000, 1500, 2250, 1250, 1500, 2000, 1250, 1750, 5750, 3750, 
2500, 2000, 750, 500, 1500, 1250, 2000, 2500, 500, 250, 1500, 
750, 1250, 1000, 250, 750, 1750, 4500, 5250, 5750, 1500, 1750, 
1750, 250, 1250, 1000, 500, 750, 1250, 1250, 1500, 1250, 2500, 
12000, 6500, 7000, 6250, 6750, 500, 2750, 2250, 4000, 5250, 500, 
500, 500, 750, 250, 1700, 250, 8000, 9000, 4500, 3500, 250, 1750, 
750, 2500, 2000, 250, 1250, 1500, 1500, 1000, 1750, 1000, 4000, 
9000, 10000, 9500, 8500, 2500, 500, 1750, 1000, 750, 750, 250, 
500, 1000, 500, 500, 750, 3750, 2750, 3250, 3750, 3750, 1250, 
1250, 250, 750, 250, 1000, 14000, 18000, 250, 1500, 500, 750, 
2000, 2750, 1500, 2000, 2500, 1750, 2250, 3250, 2000, 1000, 500, 
750, 750, 750, 500, 1500, 750, 1000, 750, 1500, 2000, 1500, 3000, 
8000, 9000, 9500, 2750), NoOfPools = c(232, 66, 32, 9, 67, 12, 
30, 13, 4, 14, 9, 11, 7, 16, 10, 24, 8, 6, 19, 20, 10, 2, 20, 
34, 6, 3, 14, 9, 8, 11, 24, 7, 13, 23, 15, 23, 48, 23, 8, 4, 
34, 24, 80, 42, 34, 21, 34, 32, 45, 10, 19, 28, 110, 43, 47, 
6, 68, 24, 11, 25, 96, 75, 14, 52, 12, 8, 86, 42, 32, 5, 108, 
40, 60, 13, 24, 89, 32, 18, 36, 48, 12, 12, 14, 23, 67, 5, 56, 
27, 58, 18, 32, 26, 46, 62, 22, 22, 34, 38, 16, 48, 12, 28, 3, 
2, 4, 12, 9, 3, 32, 21, 62, 34, 19, 8, 3, 6, 62, 10, 32, 4, 3, 
22, 6, 32, 7, 5, 11, 3, 11, 28, 4, 12, 15, 25, 16, 40, 16, 5, 
23, 22, 12, 32, 6, 53, 12, 22, 3, 1, 5, 8, 32, 9, 6, 4, 5, 26, 
9, 52, 82, 100, 6, 8, 27, 43, 18, 52, 20, 40, 10, 17, 7, 14, 
2, 21, 4, 42, 36, 32, 4, 46, 12, 6, 42, 6, 21, 6, 4, 8, 24, 34, 
42, 112, 26, 22, 18, 6, 5, 23, 4, 3, 6, 16, 3, 12, 8, 4, 6, 4, 
16, 8, 30, 8), NoOfSites = c(3, 5, 5, 5, 5, 4, 3, 2, 3, 4, 5, 
3, 7, 5, 5, 4, 2, 5, 5, 6, 6, 3, 7, 6, 5, 1, 6, 3, 3, 2, 0, 2, 
0, 3, 4, 1, 4, 3, 3, 4, 3, 4, 4, 4, 4, 3, 0, 2, 1, 3, 3, 5, 3, 
3, 4, 3, 2, 0, 5, 4, 4, 3, 1, 4, 2, 3, 2, 6, 2, 5, 3, 4, 3, 3, 
1, 2, 2, 5, 2, 1, 2, 6, 3, 3, 1, 1, 0, 4, 2, 1, 4, 0, 5, 2, 4, 
3, 7, 7, 6, 2, 4, 2, 1, 2, 1, 4, 4, 3, 3, 2, 3, 4, 2, 4, 4, 2, 
6, 3, 0, 4, 3, 4, 4, 4, 1, 2, 1, 1, 4, 8, 6, 3, 6, 1, 4, 1, 4, 
0, 1, 1, 1, 1, 1, 0, 0, 4, 4, 3, 5, 3, 1, 0, 3, 0, 1, 3, 0, 5, 
6, 7, 10, 4, 6, 4, 8, 7, 4, 3, 2, 1, 2, 3, 2, 1, 1, 4, 5, 3, 
2, 0, 0, 3, 0, 3, 2, 1, 1, 0, 1, 2, 2, 1, 0, 1, 2, 3, 3, 4, 3, 
1, 0, 5, 2, 5, 2, 0, 2, 0, 0, 3, 1, 0),