"fruitohms" <-
structure(list(juice = c(4, 5, 5.5, 7.5, 8.5, 8.5, 8.5, 9, 9, 
9.5, 10, 10, 10, 10.5, 10.5, 11.5, 11.5, 12, 12.5, 13, 13.5, 
13.5, 13.5, 14, 14, 14.5, 15, 16, 16.5, 16.5, 17.5, 17.5, 19, 
20, 20.5, 21.5, 21.5, 21.5, 23.5, 24, 24.5, 28, 28.5, 30, 30, 
30.5, 30.5, 31.5, 31.5, 31.5, 32, 32.5, 32.5, 35, 35, 36.5, 36.5, 
37.5, 37.5, 38, 39.5, 40, 40, 41, 41, 41.5, 41.5, 42.5, 43, 43, 
43, 43, 43.5, 43.5, 44, 44, 44.5, 44.5, 44.5, 44.5, 45, 45, 45, 
45, 45, 45, 45.5, 46, 46, 46.5, 46.5, 47, 47.5, 47.5, 48, 48, 
48, 48, 49, 49.5, 49.5, 50.5, 50.5, 50.5, 51.5, 51.5, 52, 52.5, 
52.5, 53, 53, 53.5, 53.5, 53.5, 54, 54, 54, 55.5, 55.5, 56, 57, 
58, 58.5, 58.5, 58.5, 58.5, 59.5, 60), ohms = c(4860, 5860, 6650, 
7050, 5960, 6750, 7650, 6900, 9850, 6650, 6250, 7600, 7900, 6150, 
7150, 6700, 7900, 5800, 7050, 9000, 7350, 6650, 6950, 6650, 5700, 
7900, 6500, 4850, 5600, 6300, 7150, 5900, 3900, 7500, 8500, 5600, 
6950, 7200, 5750, 6900, 4100, 6700, 3900, 3500, 3150, 3200, 2500, 
3350, 3700, 4200, 3850, 3850, 400, 3000, 4150, 3200, 5400, 2800, 
2550, 4150, 4150, 2950, 2700, 4400, 4250, 4100, 3350, 2700, 2750, 
3150, 3250, 2300, 1500, 3750, 1850, 3550, 3900, 3550, 3100, 2700, 
3650, 3500, 2950, 3650, 3150, 2650, 3000, 3000, 4850, 3550, 3150, 
3500, 3000, 1950, 3150, 2400, 2350, 1900, 2050, 3350, 3700, 3550, 
2950, 2900, 3550, 3500, 4350, 4050, 2750, 3150, 3350, 3300, 3150, 
2450, 3350, 3850, 2650, 2450, 3000, 2550, 3350, 2150, 3350, 3650, 
3750, 4550, 3300, 3600)), .Names = c("juice", "ohms"), row.names = c("1", 
"2", "3", "4", "5", "6", "7", "8", "128", "9", "10", "11", "12", 
"13", "14", "15", "16", "17", "18", "19", "20", "21", "22", "23", 
"24", "25", "26", "27", "28", "29", "30", "31", "32", "33", "34", 
"35", "36", "37", "38", "39", "40", "41", "42", "43", "44", "45", 
"46", "47", "48", "49", "50", "51", "52", "53", "54", "57", "58", 
"55", "59", "56", "60", "61", "95", "62", "63", "64", "65", "66", 
"67", "68", "69", "70", "71", "72", "73", "74", "75", "76", "77", 
"78", "79", "80", "81", "82", "83", "84", "85", "86", "88", "87", 
"89", "90", "91", "92", "93", "94", "96", "97", "98", "99", "100", 
"101", "102", "103", "104", "105", "106", "107", "108", "109", 
"110", "111", "112", "116", "113", "114", "115", "117", "118", 
"119", "120", "121", "122", "123", "124", "125", "126", "127"
), class = "data.frame")
