"geophones" <-
structure(list(distance = c(13.75, 15, 16.25, 17.5, 18.75, 20, 
21.25, 22.5, 23.75, 25, 26.25, 27.5, 28.75, 30, 31.25, 32.5, 
33.75, 35, 36.25, 37.5, 38.75, 40, 41.25, 42.5, 43.75, 45, 46.25, 
47.5, 48.75, 50, 51.25, 52.5, 53.75, 55, 56.25, 57.5, 58.75, 
61.25, 62.5, 63.75, 65, 66.25, 67.5, 68.75, 70, 71.25, 72.5, 
73.75, 75, 76.25, 77.5, 78.75, 80, 81.25, 82.5, 83.75), thickness = c(279, 
278, 280, 278, 275, 274, 276, 277, 276, 275, 277, 278, 276, 276, 
278, 276, 275, 273, 283, 279, 279, 278, 276, 276, 275, 273, 274, 
274, 275, 276, 275, 276, 276, 271, 274, 270, 270, 270, 273, 270, 
260, 267, 261, 260, 256, 251, 249, 248, 248, 250, 251, 253, 251, 
251, 254, 257)), .Names = c("distance", "thickness"), row.names = c("1", 
"2", "3", "4", "5", "6", "7", "8", "9", "10", "11", "12", "13", 
"14", "15", "16", "17", "18", "19", "20", "21", "22", "23", "24", 
"25", "26", "27", "28", "29", "30", "31", "32", "33", "34", "35", 
"36", "37", "38", "39", "40", "41", "42", "43", "44", "45", "46", 
"47", "48", "49", "50", "51", "52", "53", "55", "56", "57"), class = "data.frame")
