"humanpower2" <-
structure(list(wattsPerKg = c(2.72, 3.2, 3.66, 4.1, 4.56, 5.03, 
2.91, 3.48, 4.07, 4.65, 5.23, 5.86, 6.43, 3.18, 3.65, 4.12, 4.56, 
5.02, 5.47, 5.93, 2.59, 3.1, 3.62, 4.14, 4.67, 4.81), o2 = c(41.09, 
46.61, 52.22, 59.51, 67.32, 69.05, 33.75, 41.22, 48.86, 53.91, 
59.86, 66.12, 69.48, 41.83, 45.79, 50.62, 55.48, 59.96, 67.04, 
68.17, 37.27, 45.18, 51.08, 57.4, 64.15, 67.63), id = structure(as.integer(c(1, 
1, 1, 1, 1, 1, 2, 2, 2, 2, 2, 2, 2, 3, 3, 3, 3, 3, 3, 3, 4, 4, 
4, 4, 4, 4)), .Label = c("1", "2", "3", "4"), class = "factor")), .Names = c("wattsPerKg", 
"o2", "id"), row.names = c("1", "2", "3", "4", "5", "6", "7", 
"8", "9", "10", "11", "12", "13", "14", "21", "31", "41", "51", 
"61", "71", "15", "22", "32", "42", "52", "62"), class = "data.frame")
