"humanpower1" <-
structure(list(wattsPerKg = c(2.02, 2.45, 2.83, 3.24, 3.64, 4.04, 
4.23, 4.44, 2.12, 2.64, 3.18, 3.45, 3.71, 3.96, 4.23, 2.51, 3.06, 
3.62, 3.89, 2.14, 2.49, 2.85, 3.21, 3.38, 2.31, 2.87, 3.46, 4.03
), o2 = c(28.56, 36.22, 46.04, 45.9, 55.14, 62.21, 63.42, 66.08, 
30.81, 35.45, 46.17, 51.98, 52.88, 58.38, 55.59, 35.18, 45, 57.84, 
59.95, 31.8, 38.38, 44.32, 44.64, 47.48, 35.99, 41.17, 46.17, 
54.19), id = structure(as.integer(c(1, 1, 1, 1, 1, 1, 1, 1, 2, 
2, 2, 2, 2, 2, 2, 3, 3, 3, 3, 4, 4, 4, 4, 4, 5, 5, 5, 5)), .Label = c("1", 
"2", "3", "4", "5"), class = "factor")), .Names = c("wattsPerKg", 
"o2", "id"), row.names = c("1", "2", "3", "4", "5", "6", "7", 
"8", "9", "10", "11", "12", "13", "14", "15", "16", "17", "18", 
"19", "22", "23", "24", "25", "26", "27", "28", "20", "21"), class = "data.frame")
