"ironslag" <-
structure(list(chemical = c(24, 16, 24, 18, 18, 10, 14, 16, 18, 
20, 21, 20, 21, 15, 16, 15, 17, 19, 16, 15, 15, 13, 24, 22, 21, 
24, 15, 20, 20, 25, 27, 22, 20, 24, 24, 23, 29, 27, 23, 19, 25, 
15, 16, 27, 27, 30, 29, 26, 25, 25, 32, 28, 25), magnetic = c(25, 
22, 17, 21, 20, 13, 16, 14, 19, 10, 23, 20, 19, 15, 16, 16, 12, 
15, 15, 15, 15, 17, 18, 16, 18, 22, 20, 21, 21, 21, 25, 22, 18, 
21, 18, 20, 25, 20, 18, 19, 16, 16, 16, 26, 28, 28, 30, 32, 28, 
36, 40, 33, 33)), .Names = c("chemical", "magnetic"), row.names = c("1", 
"2", "3", "4", "5", "6", "7", "8", "9", "10", "11", "12", "13", 
"14", "15", "16", "17", "18", "19", "20", "21", "22", "23", "24", 
"25", "26", "27", "28", "29", "30", "31", "32", "33", "34", "35", 
"36", "37", "38", "39", "40", "41", "42", "43", "44", "45", "46", 
"47", "48", "49", "50", "51", "52", "53"), class = "data.frame")
