"jobs" <-
structure(list(BC = c(1752, 1737, 1765, 1762, 1754, 1759, 1766, 
1775, 1777, 1771, 1757, 1766, 1786, 1784, 1791, 1800, 1800, 1798, 
1814, 1803, 1796, 1818, 1829, 1840), Alberta = c(1366, 1369, 
1380, 1372, 1368, 1375, 1371, 1376, 1374, 1379, 1378, 1380, 1389, 
1396, 1410, 1417, 1407, 1408, 1420, 1409, 1413, 1416, 1426, 1436
), Prairies = c(982, 981, 984, 982, 981, 983, 983, 983, 983, 
979, 973, 979, 974, 981, 985, 987, 986, 980, 983, 983, 988, 994, 
990, 999), Ontario = c(5239, 5233, 5212, 5222, 5229, 5225, 5220, 
5216, 5226, 5249, 5252, 5258, 5261, 5292, 5291, 5299, 5282, 5278, 
5309, 5360, 5325, 5352, 5347, 5335), Quebec = c(3196, 3205, 3191, 
3197, 3202, 3201, 3194, 3203, 3208, 3222, 3207, 3225, 3253, 3257, 
3238, 3238, 3243, 3202, 3167, 3208, 3199, 3199, 3193, 3207), 
    Atlantic = c(947, 946, 954, 953, 952, 949, 951, 957, 960, 
    961, 956, 968, 958, 950, 941, 952, 952, 950, 951, 953, 945, 
    944, 943, 942), Date = c(95, 95.08333, 95.16667, 95.25, 95.33333, 
    95.41667, 95.5, 95.58333, 95.66667, 95.75, 95.83333, 95.91667, 
    96, 96.08333, 96.16667, 96.25, 96.33333, 96.41667, 96.5, 
    96.58333, 96.66667, 96.75, 96.83333, 96.91667)), .Names = c("BC", 
"Alberta", "Prairies", "Ontario", "Quebec", "Atlantic", "Date"
), class = "data.frame", row.names = c("1", "2", "3", "4", "5", 
"6", "7", "8", "9", "10", "11", "12", "13", "14", "15", "16", 
"17", "18", "19", "20", "21", "22", "23", "24"))
