"leaftemp.all" <-
structure(list(glasshouse = structure(c(1, 2, 3, 1, 2, 3, 1, 
3, 1, 2, 3, 1, 2, 3, 1, 2, 3, 1, 2, 3, 3, 1, 2, 3, 1, 2, 3, 1, 
2, 3, 1, 2, 3, 1, 2, 3, 1, 2, 3, 1, 2, 2, 3, 1, 2, 3, 1, 2, 3, 
1, 2, 3, 1, 2, 3, 1, 2, 3, 1, 2, 3, 1), .Label = c("A", "B", 
"C"), class = "factor"), CO2level = structure(c(1, 2, 3, 1, 2, 
3, 1, 3, 1, 2, 3, 1, 2, 3, 1, 2, 3, 1, 2, 3, 1, 2, 3, 1, 2, 3, 
1, 2, 3, 1, 2, 3, 1, 2, 3, 1, 2, 3, 1, 2, 3, 1, 2, 3, 1, 2, 3, 
1, 2, 3, 1, 2, 3, 1, 2, 3, 1, 2, 3, 1, 2, 3), .Label = c("high", 
"low", "medium"), class = "factor"), day = structure(c(1, 1, 
1, 2, 2, 2, 13, 13, 16, 16, 16, 17, 17, 17, 18, 18, 18, 19, 19, 
19, 20, 20, 20, 21, 21, 21, 3, 3, 3, 4, 4, 4, 5, 5, 5, 6, 6, 
6, 7, 7, 7, 8, 8, 8, 9, 9, 9, 10, 10, 10, 11, 11, 11, 12, 12, 
12, 14, 14, 14, 15, 15, 15), .Label = c("0", "1", "10", "11", 
"12", "13", "14", "15", "16", "17", "18", "19", "2", "20", "21", 
"3", "4", "5", "6", "8", "9"), class = "factor"), light = c(1143.06, 
1143.06, 1143.06, 465.810555555556, 465.810555555556, 465.810555555556, 
117.610083333333, 117.610083333333, 498.158888888889, 498.158888888889, 
498.158888888889, 723.32, 723.32, 723.32, 847.731111111111, 847.731111111111, 
847.731111111111, 828.896666666667, 828.896666666667, 828.896666666667, 
907.578888888889, 907.578888888889, 907.578888888889, 1132.53555555556, 
1132.53555555556, 1132.53555555556, 1010.90944444444, 1010.90944444444, 
1010.90944444444, 1070.55888888889, 1070.55888888889, 1070.55888888889, 
730.34, 730.34, 730.34, 606.113888888889, 606.113888888889, 606.113888888889, 
692.985, 692.985, 692.985, 697.113888888889, 697.113888888889, 
697.113888888889, 165.826388888889, 165.826388888889, 165.826388888889, 
977.900555555556, 977.900555555556, 977.900555555556, 274.783333333333, 
274.783333333333, 274.783333333333, 843.156666666666, 843.156666666666, 
843.156666666666, 564.044444444444, 564.044444444444, 564.044444444444, 
874.895, 874.895, 874.895), CO2 = c(127.112222222222, 39.8548333333333, 
70.9381111111111, 128.404444444444, 40.9965555555556, 71.2677222222222, 
112.608333333333, 71.0375, 114.272777777778, 32.2556666666667, 
70.8896666666667, 112.19, 31.9886666666667, 70.4222222222222, 
123.253888888889, 32.1677777777778, 70.8019444444445, 123.132222222222, 
32.8816666666667, 71.0546666666667, 108.657777777778, 33.1490555555556, 
71.9444444444444, 121.948333333333, 33.8645555555556, 72.2855555555555, 
121.424444444444, 31.9138333333333, 71.8222222222222, 122.057222222222, 
33.1838888888889, 72.2288888888889, 122.036111111111, 31.5882222222222, 
71.8288888888889, 122.398333333333, 35.7767222222222, 72.4291111111111, 
111.953333333333, 34.6518333333333, 71.6806666666667, 121.244444444444, 
40.8168888888889, 63.2003333333333, 119.809444444444, 41.3131111111111, 
67.6875555555556, 121.669444444444, 33.6986111111111, 64.4362777777778, 
121.663888888889, 33.1251666666667, 64.0213888888889, 121.707222222222, 
32.5156666666667, 72.8094444444445, 121.511666666667, 34.0342777777778, 
72.7016666666667, 120.905555555556, 33.3232222222222, 72.4335555555556
), TempDiff = c(1.83503666666667, 1.54260444444444, 1.96211919191919, 
0.928792373737374, 0.680828888888889, 0.890423695286195, 0.0235372727272727, 
-0.0621770833333333, 1.09649186868687, 0.502876296296296, 0.646197063492063, 
1.27299222222222, 0.653779444444444, 1.05038015873016, 1.72356060606061, 
0.900343333333334, 1.07663827160494, 1.60395808080808, 0.752945, 
0.988385802469136, 1.89179747474747, 1.14646666666667, 1.61809646464647, 
2.30875313131313, 1.50452751322751, 2.18120555555556, 2.00672373737374, 
0.819447407407408, 1.89558444444444, 2.33886833333333, 0.98578888888889, 
2.05456833333333, 1.71393611111111, 0.603571111111111, 1.41697777777778, 
1.26059472222222, 0.483769747474748, 1.03244691358025, 1.96569027777778, 
1.89291666666667, 2.1033962962963, 1.72759212962963, 1.7236621399177, 
1.02497676767677, 0.128692592592593, 0.00947057613168727, 0.0596287878787879, 
1.72196574074074, 1.28687119341564, 1.18370484848485, 0.444533333333333, 
0.189314609053498, 0.34965, 1.46936481481481, 0.668390534979424, 
0.908201666666666, 1.00493240740741, 0.122529124579125, 0.855557222222222, 
1.5822837962963, 0.264571885521885, 1.00212878787879), BTempDiff = c(1.49645740740741, 
1.35521604938272, 1.94277986111111, 0.849521527777778, 0.59922, 
0.825777777777778, -0.0391199999999999, -0.110020833333333, 1.25168950617284, 
0.233696913580247, 0.851787037037037, 1.63848271604938, 0.484933950617284, 
1.31793024691358, 1.99215185185185, 0.98257361111111, 1.75550679012346, 
1.90427654320988, 0.976392361111111, 1.4900487654321, 2.42084888888889, 
1.47830808080808, 1.63841666666667, 3.20363246252205, 2.16055757575758, 
2.11160707070707, 2.73599259259259, 1.338734, 1.94301919191919, 
3.21515166666667, 1.60770202020202, 2.19160808080808, 2.24259222222222, 
0.749724242424242, 1.60530101010101, 1.6188537037037, 0.749551515151515, 
1.11210606060606, 2.46695, 1.92354090909091, 2.34125151515152, 
1.59447962962963, 1.50789413580247, 1.29171191358025, -0.000970987654320997, 
-0.00275259259259255, 0.107624444444444, 2.8524487654321, 1.25759462962963, 
1.87311133333333, 0.494446913580247, 0.104627037037037, 0.436306111111111, 
2.09427098765432, 0.723372592592593, 1.31268, 1.19819666666667, 
0.231627407407407, 0.887388383838384, 1.935055, 0.670589259259259, 
1.10185101010101), AirTemp = c(26.0471666666667, 24.10275, 26.7115555555556, 
25.1351666666667, 24.8993055555556, 26.3836944444444, 26.47835, 
26.8169166666667, 24.3795833333333, 24.1021944444445, 25.7806666666667, 
24.5761666666667, 23.9912222222222, 25.8324722222222, 24.9788333333333, 
23.4645, 25.8215833333333, 25.8063055555556, 24.2576111111111, 
26.3183333333333, 26.0814722222222, 25.2733611111111, 23.9823888888889, 
26.3605, 25.4741111111111, 23.7405, 26.4659722222222, 26.2082666666667, 
23.9202777777778, 26.5336944444445, 26.175, 23.6020833333333, 
26.167, 25.79025, 23.9966666666667, 26.4223611111111, 26.0320277777778, 
25.2358611111111, 25.5579166666667, 24.6225, 21.61475, 26.2310555555556, 
26.4483518518519, 25.9719166666667, 27.8573611111111, 26.9790925925926, 
26.3131666666667, 25.4549722222222, 26.3252037037037, 25.8383333333333, 
27.1305555555555, 26.4931296296296, 25.5383055555556, 25.6840277777778, 
26.3027962962963, 26.4479722222222, 26.3876666666667, 26.5444259259259, 
25.2024166666667, 26.0148888888889, 26.4985185185185, 26.1942777777778
), day = c(0, 0, 0, 1, 1, 1, 2, 2, 3, 3, 3, 4, 4, 4, 5, 5, 5, 
6, 6, 6, 8, 8, 8, 9, 9, 9, 10, 10, 10, 11, 11, 11, 12, 12, 12, 
13, 13, 13, 14, 14, 14, 15, 15, 15, 16, 16, 16, 17, 17, 17, 18, 
18, 18, 19, 19, 19, 20, 20, 20, 21, 21, 21), VapPress = c(2.56387655012214, 
1.87897327726481, 2.37594012913196, 2.54675924264334, 2.19813069574783, 
2.72418455805987, 2.17289080916864, 2.20636547854048, 1.64423531148677, 
1.75058608385587, 1.66677756965644, 1.66564001099429, 1.84753955400845, 
1.67464103532266, 1.81320379985348, 1.69453750433538, 1.70920931125348, 
1.85658816389914, 1.32817399450414, 1.80331915368179, 1.57802231830817, 
2.07118071003583, 1.87902346088399, 1.94568003550132, 2.09596454161064, 
1.74824473848148, 1.3832571195728, 2.16984418267478, 1.90167686879526, 
1.65704065495475, 2.13202245477493, 1.81087852880404, 2.15938473600303, 
2.25653220118401, 1.93234697139582, 2.18800293395565, 2.38009355414251, 
2.44610684101806, 2.29298641013283, 1.9309989052843, 1.7238489414991, 
2.32267858820212, 2.59938832192398, 2.49291132094598, 2.70315398531423, 
2.48110046200659, 2.45494863734698, 2.04734130525711, 2.17445742957429, 
1.85996759636093, 2.55818770574725, 2.37955689130302, 2.38882886847067, 
1.80296619038312, 1.93681891995772, 1.43233402777916, 1.81772198968773, 
1.77715975127671, 1.4638478809468, 2.02776821561522, 2.10162050879381, 
2.10954758814838)), .Names = c("glasshouse", "CO2level", "day", 
"light", "CO2", "TempDiff", "BTempDiff", "AirTemp", "day", "VapPress"
),