"leafshape" <-
structure(list(bladelen = c(33.88, 33.32, 29.35, 26.87, 26.67, 
24.23, 23.85, 23.3, 23.11, 23.08, 22.14, 21.57, 21.3, 20.97, 
20.82, 20.48, 20.42, 20.41, 20.37, 20.13, 20.04, 19.37, 19.34, 
19.3, 19.21, 19.02, 18.56, 18.34, 18.19, 18.17, 18.07, 17.6, 
17.51, 17.26, 17.26, 17.22, 17.02, 16.8, 16.06, 15.94, 15.92, 
15.58, 15.46, 15.02, 14.92, 14.54, 14.08, 13.75, 13.74, 13.59, 
13.27, 13.07, 13.02, 13.02, 12.99, 12.87, 12.65, 12.28, 12.03, 
11, 10.4, 10.02, 9.81, 8.42, 2.28, 43.4, 41.39, 33.35, 29.34, 
29.25, 28.48, 27.38, 26.6, 24.88, 24.8, 23.75, 22.05, 20.36, 
19.88, 19.35, 6.74, 7.7, 7.97, 8.82, 9.44, 9.92, 11.23, 11.26, 
11.29, 12.12, 12.26, 12.33, 12.92, 13, 13.56, 14.57, 14.58, 14.6, 
15.12, 15.2, 15.67, 16.18, 16.62, 16.71, 17.1, 17.63, 17.69, 
18.7, 19.1, 19.29, 19.99, 20.25, 20.87, 21.16, 26.99, 28.94, 
45.23, 45.89, 20.92, 22.87, 25.94, 14.24, 16.25, 49.3, 24.18, 
14.58, 49.45, 13.8, 14.03, 25.8, 14.79, 28.94, 18.35, 11.67, 
13.11, 7.77, 10.31, 11.28, 11.67, 13.38, 14.1, 14.1, 14.18, 15.01, 
16.1, 16.56, 16.59, 16.86, 17.01, 17.86, 18.01, 18.1, 18.71, 
18.75, 19.74, 20.1, 20.16, 20.32, 20.35, 20.42, 22.67, 22.9, 
23.8, 23.87, 24.7, 26.4, 28.12, 30.06, 28.37, 17.33, 17.68, 18, 
19.21, 20.18, 21.02, 22.44, 26.87, 30.8, 31.95, 32.84, 33.29, 
38.22, 46.6, 46.94, 72.3, 6.93, 7.27, 7.43, 8, 8.08, 8.48, 8.56, 
8.72, 9.153333, 9.353333, 9.48, 9.56, 10.06, 10.06, 10.11, 10.37, 
10.44, 10.5, 10.55, 10.87, 11.22, 11.66, 11.86, 12.23, 12.84, 
12.9, 12.96, 13.03, 13.4, 13.413333, 13.59, 14.36, 14.4, 14.6, 
14.9, 16.49, 16.67, 17.04, 19.89, 24.43, 30.35, 13.98, 14.45, 
15.25, 15.3, 15.348, 15.46, 15.56, 17, 17.8, 17.97, 18.76, 19.68, 
20.98, 22.215, 22.64, 25.275, 26.55, 26.9925, 35.843333, 42.275, 
0.8555, 2.08, 6.22, 6.9, 7.16, 8.03, 8.16, 8.41, 9.66, 11.075, 
11.39, 11.46, 11.92, 4.24, 7.22, 8.23, 9.54, 9.7, 10.01, 10.8, 
11.46, 11.87, 11.94, 12.38, 12.6, 12.68, 13.84, 16.92, 21.9, 
29.5, 36.52, 1.149429, 6.033333, 3.794286, 4.9505, 16.646667, 
4.128, 12.9, 1.121333, 1.475), petiole = c(1.402632, 1.01626, 
2.392025, 0.808787, 0.802767, 1.490145, 1.09233, 1.9106, 1.881154, 
0.976284, 3.015468, 2.622912, 1.46118, 1.360953, 0.88485, 0.970752, 
1.223158, 0.957229, 0.996093, 1.344684, 1.178352, 1.586403, 1.088842, 
1.32784, 0.851003, 0.886332, 0.950272, 0.673078, 0.616641, 0.368851, 
0.719186, 0.62656, 1.591659, 0.573032, 0.916506, 0.609588, 0.745476, 
1.32384, 1.231802, 0.543554, 0.603368, 0.49856, 0.759086, 0.787048, 
0.971292, 0.657208, 0.188672, 0.55275, 0.987906, 0.354699, 0.759044, 
0.713622, 0.576786, 0.171864, 1.982274, 0.719433, 0.66286, 0.381908, 
0.479997, 0.4235, 0.85904, 0.3507, 0.36, 0.22734, 0.112632, 3.37652, 
5.542121, 3.231615, 3.2274, 4.431375, 4.93, 22.16, 1.25552, 3.301576, 
3.867, 2.50325, 4.588605, 2.691592, 3.21062, 3.043755, 0.219724, 
0.38962, 0.28692, 0.380142, 0.435184, 0.29264, 0.522195, 0.5067, 
0.291282, 0.566004, 0.605644, 0.490734, 0.576232, 0.3107, 0.973608, 
0.884399, 1.256796, 0.87016, 0.511056, 0.42712, 1.090632, 0.608368, 
0.300822, 1.567398, 0.53865, 1.650168, 1.075552, 1.04159, 2.27672, 
1.323294, 1.747126, 1.221075, 0.884888, 0.509956, 1.3495, 1.276254, 
3.523417, 51.08, 12.924376, 11.146838, 11.405818, 5.707392, 4.25425, 
9.71703, 2.463942, 1.433214, 4.831265, 1.31652, 1.224819, 1.91952, 
0.93177, 1.72193, 0.78905, 0.394446, 0.291042, 0.477855, 0.282494, 
1.046784, 0.532152, 0.587382, 0.37647, 0.56118, 0.727434, 1.341894, 
0.85652, 0.622656, 0.642033, 1.712976, 1.558116, 0.510796, 1.6209, 
1.08962, 0.974791, 0.755625, 2.49711, 0.74772, 1.06848, 2.283968, 
2.79202, 1.06184, 1.274054, 1.33049, 0.7021, 1.281819, 2.01058, 
0.90816, 1.16698, 1.569132, 6.769082, 3.398413, 1.462136, 1.008, 
12.234849, 1.951406, 2.825088, 8.590032, 12.65577, 2.4024, 24.93, 
5.45144, 2.86294, 2.633358, 48.88, 3.374986, 2.39313, 0.449064, 
0.26172, 0.766033, 0.5928, 0.4929, 0.819168, 0.598344, 0.5901, 
0.520824648, 0.893243302, 0.239844, 0.65964, 1.259512, 0.602594, 
0.7446015, 0.281, 0.489636, 0.09975, 1.00014, 0.84786, 1.104048, 
0.871, 0.856292, 0.386468, 0.889812, 0.2709, 0.415368, 0.28763725, 
1.47802, 0.854871952, 0.9696465, 0.548552, 0.45072, 1.04828, 
0.93125, 1.205419, 0.698473, 1.159572, 1.1795, 1.2044, 1.6586275, 
1.50984, 2.88422, 0.840275, 1.87425, 1.8049248, 1.842832, 1.039408, 
0.4148, 1.55572, 3.5212215, 1.876, 6.5928, 3.268684, 10.4743725, 
0.875036, 3.634545, 2.6350875, 3.83563425, 3.799393298, 1.49442125, 
0.069167175, 0.129376, 0.43229, 0.24978, 0.3401, 0.662475, 0.536928, 
0.278371, 0.681996, 1.039, 0.750601, 0.599358, 0.723544, 0.31588, 
0.889504, 0.284758, 0.99693, 0.77503, 0.906906, 0.95094, 3.050652, 
5.788999, 0.527748, 0.66397654, 0.72702, 0.904718, 1.201312, 
0.658188, 21.35, 0.8555, 30.18, 0.158587869, 0.481659073, 0.488867191, 
0.60445605, 1.407192702, 0.39653568, 1.15197, 0.134260564, 0.092925
), bladewid = c(13.65, 10.26, 12.21, 8.7, 8.41, 7.7, 5.69, 8.41, 
7.95, 6.98, 8.01, 8.67, 6.59, 6.73, 6.71, 6.06, 8.48, 6.24, 5.07, 
6.73, 5.01, 6.62, 6.57, 7.18, 6.89, 7.44, 6.22, 5.6, 9.28, 8.32, 
6.18, 5.43, 5.85, 4.5, 6.3, 5.67, 5.6, 5.93, 6.07, 6.6, 6.21, 
4.54, 5.51, 4.62, 4.43, 5.01, 5.37, 5.19, 5.94, 5.62, 5.13, 5.52, 
4.85, 4.7, 5.26, 4.97, 5.18, 5.51, 2.33, 3.79, 3.52, 3.23, 2.82, 
2.53, 1.25, 10.94, 17.75, 12.27, 10.05, 10.42, 7.42, 26.41, 7.25, 
7.75, 9.15, 7.14, 8.61, 6.08, 6.08, 6.96, 2.48, 3.14, 2.63, 3.78, 
3.95, 4.11, 4.11, 5.22, 4.17, 4.03, 5.45, 3.72, 3.81, 3.65, 4.15, 
4.88, 5.85, 6.18, 6.42, 6.13, 6.25, 4.05, 5.8, 4.37, 4.85, 4.8, 
6.28, 7.13, 8.32, 7.08, 6.65, 7.27, 8.21, 7.13, 10.34, 8.43, 
16.67, 43.58, 15.09, 14.81, 16.56, 7.22, 5.64, 26.25, 10.8, 4.5, 
11.54, 6.58, 5.4, 7.12, 3.37, 8.84, 6.99, 4.67, 4.68, 3.31, 2.62, 
4.7, 2.82, 3.75, 4.92, 5.59, 5.3, 5.81, 5.77, 4.78, 6.29, 4.62, 
7.97, 6.18, 8.05, 6.57, 5.58, 5.96, 7.33, 6.31, 8.14, 10.01, 
10.29, 4.79, 7.49, 9, 8.37, 9.34, 10.59, 8.56, 7.31, 9.02, 15.84, 
7.2, 5.42, 4.12, 9.34, 10.13, 7.24, 13.09, 13.59, 10.14, 36.62, 
11, 10.54, 15.72, 46.17, 15.8, 20.6, 3.1, 2.5, 2.98, 3.06, 3.03, 
4.33, 4.82, 4.88, 3.01, 4.04, 3.24, 2.84, 3.37, 3.79, 3.72, 3.48, 
3.99, 3.33, 5.16, 4.01, 4.65, 3.62, 4.33, 4.11, 4.36, 4.18, 4.03, 
3.29, 5.59, 4.34, 5.64, 4.26, 3.975, 3.05, 4.57, 7.61, 5.68, 
6.86, 7.81, 6.96, 6.78, 3.9, 5.72, 3, 5.88, 4.84, 5.85, 4.72, 
7.22, 5.28, 6.15, 7.19, 8.16, 6.58, 11.46, 3.8, 6.85, 5.92, 8.53, 
9.51, 23.45, 0.545, 0.793, 3.2, 2.86, 3.26, 4.02, 3.33, 2.66, 
3.44, 4.48, 4.69, 3.42, 5.08, 1.54, 2.93, 3.05, 4, 2.93, 3.31, 
3.57, 5.04, 6.68, 3.05, 3.36, 4.04, 3.28, 4.3, 3.47, 23.65, 20, 
30.57, 0.89, 2.75, 1.51, 2.13, 3.73, 1.16, 2.55, 0.415, 0.145
),