"leaftemp" <-
structure(list(CO2level = structure(c(3, 1, 2, 3, 1, 2, 3, 2, 
3, 1, 2, 3, 1, 2, 3, 1, 2, 3, 1, 2, 3, 1, 2, 3, 1, 2, 3, 1, 2, 
3, 1, 2, 3, 1, 2, 3, 1, 2, 3, 1, 2, 3, 1, 2, 3, 1, 2, 3, 1, 2, 
3, 1, 2, 3, 1, 2, 3, 1, 2, 3, 1, 2), .Label = c("low", "medium", 
"high"), class = "factor"), vapPress = c(2.56, 1.88, 2.38, 2.55, 
2.2, 2.72, 2.17, 2.21, 1.64, 1.75, 1.67, 1.67, 1.85, 1.67, 1.81, 
1.69, 1.71, 1.86, 1.33, 1.8, 1.58, 2.07, 1.88, 1.95, 2.1, 1.75, 
1.38, 2.17, 1.9, 1.66, 2.13, 1.81, 2.16, 2.26, 1.93, 2.19, 2.38, 
2.45, 2.29, 1.93, 1.72, 2.32, 2.6, 2.49, 2.7, 2.48, 2.45, 2.05, 
2.17, 1.86, 2.56, 2.38, 2.39, 1.8, 1.94, 1.43, 1.82, 1.78, 1.46, 
2.03, 2.1, 2.11), tempDiff = c(1.5, 1.36, 1.94, 0.85, 0.6, 0.83, 
-0.04, -0.11, 1.25, 0.23, 0.85, 1.64, 0.48, 1.32, 1.99, 0.98, 
1.76, 1.9, 0.98, 1.49, 2.42, 1.48, 1.64, 3.2, 2.16, 2.11, 2.74, 
1.34, 1.94, 3.22, 1.61, 2.19, 2.24, 0.75, 1.61, 1.62, 0.75, 1.11, 
2.47, 1.92, 2.34, 1.59, 1.51, 1.29, 0, 0, 0.11, 2.85, 1.26, 1.87, 
0.49, 0.1, 0.44, 2.09, 0.72, 1.31, 1.2, 0.23, 0.89, 1.94, 0.67, 
1.1), BtempDiff = c(1.84, 1.54, 1.96, 0.93, 0.68, 0.89, 0.02, 
-0.06, 1.1, 0.5, 0.65, 1.27, 0.65, 1.05, 1.72, 0.9, 1.08, 1.6, 
0.75, 0.99, 1.89, 1.15, 1.62, 2.31, 1.5, 2.18, 2.01, 0.82, 1.9, 
2.34, 0.99, 2.05, 1.71, 0.6, 1.42, 1.26, 0.48, 1.03, 1.97, 1.89, 
2.1, 1.73, 1.72, 1.02, 0.13, 0.01, 0.06, 1.72, 1.29, 1.18, 0.44, 
0.19, 0.35, 1.47, 0.67, 0.91, 1, 0.12, 0.86, 1.58, 0.26, 1)), .Names = c("CO2level", 
"vapPress", "tempDiff", "BtempDiff"), row.names = c("1", "2", 
"3", "4", "5", "6", "7", "8", "9", "10", "11", "12", "13", "14", 
"15", "16", "17", "18", "19", "20", "21", "22", "23", "24", "25", 
"26", "27", "28", "29", "30", "31", "32", "33", "34", "35", "36", 
"37", "38", "39", "40", "41", "42", "43", "44", "45", "46", "47", 
"48", "49", "50", "51", "52", "53", "54", "55", "56", "57", "58", 
"59", "60", "61", "62"), class = "data.frame")
