"litters" <-
structure(list(lsize = c(3, 3, 4, 4, 5, 5, 6, 6, 7, 7, 8, 8, 
9, 9, 10, 10, 11, 11, 12, 12), bodywt = c(9.447, 9.78, 9.155, 
9.613, 8.85, 9.61, 8.298, 8.543, 7.4, 8.335, 7.04, 7.253, 6.6, 
7.26, 6.305, 6.655, 7.183, 6.133, 5.45, 6.05), brainwt = c(0.444, 
0.436, 0.417, 0.429, 0.425, 0.434, 0.404, 0.439, 0.409, 0.429, 
0.414, 0.409, 0.387, 0.433, 0.41, 0.405, 0.435, 0.407, 0.368, 
0.401)), .Names = c("lsize", "bodywt", "brainwt"), row.names = c("1", 
"2", "3", "4", "5", "6", "7", "8", "9", "10", "11", "12", "13", 
"14", "15", "16", "17", "18", "19", "20"), class = "data.frame")
