"Lottario" <-
structure(list(Number = c(1, 2, 3, 4, 5, 6, 7, 8, 9, 10, 11, 
12, 13, 14, 15, 16, 17, 18, 19, 20, 21, 22, 23, 24, 25, 26, 27, 
28, 29, 30, 31, 32, 33, 34, 35, 36, 37, 38, 39), Frequency = c(25, 
13, 19, 30, 28, 26, 23, 14, 25, 17, 24, 29, 26, 28, 24, 17, 16, 
24, 22, 20, 18, 20, 18, 20, 16, 25, 23, 21, 19, 17, 17, 25, 25, 
18, 35, 15, 18, 29, 25)), .Names = c("Number", "Frequency"), row.names = c("1", 
"2", "3", "4", "5", "6", "7", "8", "9", "10", "11", "12", "13", 
"14", "15", "16", "17", "18", "19", "20", "21", "22", "23", "24", 
"25", "26", "27", "28", "29", "30", "31", "32", "33", "34", "35", 
"36", "37", "38", "39"), class = "data.frame")
