`lung` <-
c(605, 436, 380, 493.9, NA, 550, 470, 592.5, 605, 799.9, 995, 
785, 910, 1115, 1142.6, 1465, 1250, 1580, 2000, 1474.4, NA, 1220, 
1790, 1510, NA, NA, 2735, NA, 2380, NA)
