`medExpenses` <-
structure(list(familysize = c(2, 3, 3, 5, 4, 7, 2, 4, 2, 5, 3, 
6, 4, 4, 2, 5, 3, 4, 2, 4, 2, 5, 3, 4, 7, 3, 3, 6, 2, 2, 6, 4, 
2), expenses = c(7.15, 6.93, 7.57, 6.1, 10.3, 4.03, 12.1, 7.5, 
12.1, 8.88, 4.47, 3.3, 7.35, 6.78, 11.1, 7.54, 7.53, 9, 10.3, 
6.92, 12.95, 4.66, 13.27, 4.2, 5.4, 8.27, 9.57, 10.5, 9.75, 10.8, 
3.03, 5.03, 10.35)), .Names = c("familysize", "expenses"), row.names = as.integer(c(NA, 
33)), class = "data.frame")
