"mignonette" <-
structure(list(cross = c(21, 14.25, 19.125, 7, 15.125, 20.5, 
17.375, 23.875, 17.125, 20.75, 16.125, 17.75, 16.25, 10, 10, 
22.125, 19, 18.875, 16.5, 19.25, 25.25, 22, 8.75, 14.25), self = c(12.875, 
16, 11.875, 15.25, 19.125, 12.5, 16.25, 16.25, 13.375, 13.625, 
14.5, 19.5, 20.875, 7.875, 17.75, 9, 11.5, 11, 16, 16.375, 14.75, 
16, 14.375, 14.25)), .Names = c("cross", "self"), row.names = c("1", 
"2", "3", "4", "5", "6", "7", "8", "9", "10", "11", "12", "13", 
"14", "15", "16", "17", "18", "19", "20", "21", "22", "23", "24"
), class = "data.frame")
