"nsw74demo" <-
structure(list(trt = c(0, 0, 0, 0, 0, 0, 0, 0, 0, 0, 0, 0, 0, 
0, 0, 0, 0, 0, 0, 0, 0, 0, 0, 0, 0, 0, 0, 0, 0, 0, 0, 0, 0, 0, 
0, 0, 0, 0, 0, 0, 0, 0, 0, 0, 0, 0, 0, 0, 0, 0, 0, 0, 0, 0, 0, 
0, 0, 0, 0, 0, 0, 0, 0, 0, 0, 0, 0, 0, 0, 0, 0, 0, 0, 0, 0, 0, 
0, 0, 0, 0, 0, 0, 0, 0, 0, 0, 0, 0, 0, 0, 0, 0, 0, 0, 0, 0, 0, 
0, 0, 0, 0, 0, 0, 0, 0, 0, 0, 0, 0, 0, 0, 0, 0, 0, 0, 0, 0, 0, 
0, 0, 0, 0, 0, 0, 0, 0, 0, 0, 0, 0, 0, 0, 0, 0, 0, 0, 0, 0, 0, 
0, 0, 0, 0, 0, 0, 0, 0, 0, 0, 0, 0, 0, 0, 0, 0, 0, 0, 0, 0, 0, 
0, 0, 0, 0, 0, 0, 0, 0, 0, 0, 0, 0, 0, 0, 0, 0, 0, 0, 0, 0, 0, 
0, 0, 0, 0, 0, 0, 0, 0, 0, 0, 0, 0, 0, 0, 0, 0, 0, 0, 0, 0, 0, 
0, 0, 0, 0, 0, 0, 0, 0, 0, 0, 0, 0, 0, 0, 0, 0, 0, 0, 0, 0, 0, 
0, 0, 0, 0, 0, 0, 0, 0, 0, 0, 0, 0, 0, 0, 0, 0, 0, 0, 0, 0, 0, 
0, 0, 0, 0, 0, 0, 0, 0, 0, 0, 0, 0, 0, 0, 0, 0, 1, 1, 1, 1, 1, 
1, 1, 1, 1, 1, 1, 1, 1, 1, 1, 1, 1, 1, 1, 1, 1, 1, 1, 1, 1, 1, 
1, 1, 1, 1, 1, 1, 1, 1, 1, 1, 1, 1, 1, 1, 1, 1, 1, 1, 1, 1, 1, 
1, 1, 1, 1, 1, 1, 1, 1, 1, 1, 1, 1, 1, 1, 1, 1, 1, 1, 1, 1, 1, 
1, 1, 1, 1, 1, 1, 1, 1, 1, 1, 1, 1, 1, 1, 1, 1, 1, 1, 1, 1, 1, 
1, 1, 1, 1, 1, 1, 1, 1, 1, 1, 1, 1, 1, 1, 1, 1, 1, 1, 1, 1, 1, 
1, 1, 1, 1, 1, 1, 1, 1, 1, 1, 1, 1, 1, 1, 1, 1, 1, 1, 1, 1, 1, 
1, 1, 1, 1, 1, 1, 1, 1, 1, 1, 1, 1, 1, 1, 1, 1, 1, 1, 1, 1, 1, 
1, 1, 1, 1, 1, 1, 1, 1, 1, 1, 1, 1, 1, 1, 1, 1, 1, 1, 1, 1, 1, 
1, 1, 1, 1, 1, 1, 1, 1, 1, 1, 1, 1), age = c(23, 26, 22, 18, 
45, 18, 24, 34, 24, 36, 21, 28, 27, 19, 20, 34, 24, 22, 25, 39, 
19, 44, 27, 25, 31, 34, 21, 33, 18, 26, 31, 35, 20, 25, 25, 35, 
20, 25, 27, 20, 26, 38, 34, 19, 32, 20, 23, 38, 24, 23, 20, 21, 
25, 22, 23, 24, 29, 24, 22, 28, 18, 26, 25, 24, 26, 36, 22, 25, 
27, 29, 24, 22, 24, 29, 25, 30, 22, 55, 20, 34, 22, 32, 31, 18, 
50, 25, 23, 38, 25, 42, 39, 34, 24, 32, 27, 26, 44, 25, 25, 28, 
32, 22, 19, 31, 23, 33, 27, 29, 23, 25, 25, 24, 28, 26, 30, 25, 
29, 25, 28, 23, 54, 33, 20, 45, 39, 26, 23, 27, 33, 25, 23, 18, 
17, 19, 18, 18, 17, 19, 19, 18, 18, 18, 17, 18, 18, 19, 18, 17, 
17, 19, 17, 18, 18, 17, 19, 19, 17, 20, 17, 17, 17, 19, 19, 20, 
18, 18, 17, 19, 17, 17, 18, 21, 18, 19, 24, 28, 25, 21, 39, 36, 
24, 17, 18, 18, 28, 27, 31, 22, 31, 26, 18, 23, 20, 19, 18, 17, 
27, 27, 28, 28, 21, 17, 26, 29, 17, 22, 24, 20, 18, 24, 21, 30, 
31, 17, 19, 23, 22, 29, 22, 29, 19, 17, 18, 19, 20, 33, 36, 25, 
19, 23, 17, 43, 26, 27, 19, 28, 28, 26, 31, 23, 20, 28, 39, 21, 
22, 20, 21, 23, 29, 28, 30, 25, 28, 22, 44, 21, 28, 29, 25, 22, 
37, 22, 30, 27, 33, 22, 23, 32, 22, 33, 19, 21, 18, 27, 17, 19, 
27, 23, 40, 26, 23, 41, 38, 24, 18, 29, 25, 27, 17, 24, 17, 48, 
25, 20, 25, 42, 25, 23, 46, 24, 21, 19, 17, 18, 20, 25, 17, 17, 
25, 23, 28, 31, 18, 25, 30, 17, 37, 41, 42, 22, 17, 29, 35, 27, 
29, 28, 27, 23, 45, 29, 27, 46, 18, 25, 28, 25, 22, 21, 40, 22, 
25, 18, 38, 27, 27, 38, 23, 26, 21, 25, 31, 17, 25, 21, 44, 25, 
18, 42, 25, 31, 24, 26, 25, 18, 19, 43, 27, 17, 30, 26, 20, 17, 
20, 18, 27, 21, 27, 20, 19, 23, 29, 18, 19, 27, 18, 27, 22, 23, 
23, 20, 17, 28, 26, 20, 24, 31, 23, 18, 29, 26, 24, 25, 24, 46, 
31, 19, 19, 27, 26, 20, 28, 24, 19, 23, 42, 25, 18, 21, 27, 21, 
22, 31, 24, 29, 29, 19, 19, 31, 22, 21, 17, 26, 20, 19, 26, 28, 
22, 33, 22, 29, 33, 25, 35, 35, 33), educ = c(10, 12, 9, 9, 11, 
9, 8, 11, 4, 10, 14, 9, 7, 11, 8, 12, 10, 8, 11, 9, 9, 9, 8, 
8, 10, 10, 7, 12, 10, 12, 12, 10, 12, 11, 10, 11, 10, 9, 10, 
11, 11, 8, 10, 12, 8, 9, 10, 10, 11, 11, 7, 11, 10, 11, 11, 12, 
11, 11, 9, 11, 10, 10, 10, 10, 5, 10, 11, 12, 11, 8, 12, 10, 
7, 12, 11, 12, 8, 3, 10, 11, 12, 12, 10, 9, 10, 11, 10, 10, 10, 
10, 12, 13, 7, 11, 13, 10, 11, 11, 12, 12, 10, 10, 9, 10, 11, 
11, 10, 11, 10, 9, 10, 10, 8, 6, 14, 10, 11, 12, 13, 11, 11, 
5, 8, 9, 6, 12, 10, 12, 9, 10, 8, 8, 8, 9, 8, 11, 11, 10, 10, 
9, 9, 10, 10, 7, 11, 10, 9, 10, 10, 11, 8, 10, 9, 8, 6, 10, 11, 
9, 9, 10, 9, 11, 10, 9, 9, 11, 10, 11, 10, 9, 10, 9, 10, 11, 
9, 11, 11, 7, 11, 12, 12, 11, 10, 10, 10, 13, 12, 9, 10, 10, 
9, 11, 12, 10, 11, 10, 12, 11, 12, 11, 10, 10, 11, 9, 10, 11, 
11, 12, 12, 11, 9, 8, 11, 10, 9, 11, 12, 12, 10, 13, 11, 9, 10, 
12, 6, 11, 11, 11, 11, 8, 11, 10, 11, 11, 11, 11, 12, 8, 12, 
11, 12, 10, 12, 8, 11, 11, 11, 12, 9, 9, 11, 10, 11, 10, 9, 9, 
11, 9, 9, 10, 11, 9, 12, 11, 8, 9, 12, 11, 16, 12, 9, 13, 8, 
10, 7, 10, 13, 10, 12, 12, 11, 14, 9, 11, 10, 11, 11, 10, 10, 
11, 10, 4, 11, 12, 12, 14, 5, 12, 8, 10, 12, 9, 8, 8, 11, 11, 
8, 9, 5, 12, 8, 11, 11, 12, 11, 10, 9, 4, 14, 11, 8, 8, 10, 11, 
4, 9, 11, 7, 5, 13, 9, 13, 6, 12, 15, 11, 12, 9, 11, 11, 12, 
12, 12, 13, 8, 11, 8, 11, 12, 8, 11, 10, 11, 12, 11, 12, 9, 12, 
10, 9, 10, 10, 11, 11, 11, 9, 13, 9, 11, 10, 9, 9, 12, 11, 12, 
12, 12, 12, 10, 12, 14, 10, 9, 13, 11, 9, 12, 10, 12, 11, 9, 
11, 11, 11, 11, 9, 8, 10, 12, 11, 9, 12, 10, 8, 12, 11, 8, 11, 
11, 10, 10, 12, 8, 12, 9, 13, 9, 12, 10, 8, 9, 4, 10, 10, 12, 
10, 11, 9, 10, 9, 10, 12, 9, 10, 10, 11, 12, 11, 12, 10, 12, 
14, 9, 8, 11), black = c(1, 0, 1, 1, 1, 1, 0, 1, 0, 1, 1, 1, 
1, 0, 1, 1, 1, 0, 1, 1, 1, 1, 1, 1, 1, 1, 0, 1, 0, 1, 1, 1, 1, 
1, 1, 1, 1, 0, 1, 0, 1, 1, 1, 1, 1, 0, 1, 1, 1, 1, 0, 1, 1, 1, 
1, 0, 1, 1, 1, 1, 0, 1, 1, 1, 1, 1, 1, 1, 1, 1, 1, 1, 1, 1, 0, 
1, 1, 1, 1, 1, 1, 0, 1, 1, 0, 1, 1, 1, 1, 1, 1, 1, 1, 1, 1, 1, 
1, 1, 1, 1, 1, 1, 1, 1, 1, 1, 1, 1, 1, 1, 1, 1, 0, 1, 1, 1, 1, 
1, 1, 1, 1, 0, 1, 1, 1, 1, 1, 0, 0, 1, 1, 1, 1, 0, 0, 1, 1, 1, 
1, 1, 1, 1, 1, 1, 1, 0, 1, 1, 1, 1, 0, 1, 1, 1, 0, 0, 0, 1, 1, 
1, 1, 1, 1, 1, 1, 1, 0, 1, 1, 0, 1, 1, 1, 1, 1, 0, 1, 1, 1, 1, 
1, 1, 1, 1, 1, 0, 0, 1, 1, 1, 0, 1, 1, 1, 1, 1, 1, 1, 0, 1, 1, 
0, 1, 1, 0, 1, 1, 1, 1, 0, 0, 1, 1, 0, 1, 1, 1, 1, 1, 1, 1, 1, 
1, 1, 1, 1, 0, 1, 1, 1, 1, 1, 1, 1, 1, 1, 1, 1, 1, 1, 1, 1, 1, 
1, 1, 1, 0, 0, 1, 1, 1, 1, 1, 0, 1, 1, 1, 0, 1, 0, 1, 0, 1, 1, 
1, 1, 1, 1, 1, 0, 1, 1, 1, 1, 1, 1, 1, 1, 1, 1, 1, 0, 0, 1, 1, 
1, 1, 0, 1, 1, 1, 1, 1, 1, 1, 1, 1, 1, 1, 1, 1, 0, 1, 0, 1, 1, 
1, 1, 1, 1, 1, 1, 1, 1, 1, 1, 1, 1, 1, 0, 1, 1, 1, 1, 1, 1, 1, 
0, 1, 1, 1, 1, 1, 1, 1, 0, 1, 1, 1, 1, 1, 1, 0, 1, 1, 1, 0, 1, 
0, 1, 1, 1, 1, 1, 1, 0, 1, 1, 1, 0, 1, 1, 1, 1, 1, 1, 1, 1, 1, 
1, 1, 0, 1, 1, 1, 0, 1, 1, 1, 1, 1, 1, 1, 0, 0, 1, 1, 1, 0, 1, 
1, 1, 1, 1, 1, 1, 0, 1, 1, 0, 1, 1, 1, 1, 0, 1, 1, 1, 1, 1, 1, 
1, 1, 1, 1, 1, 1, 1, 1, 1, 1, 1, 1, 1, 1, 0, 0, 1, 1, 1, 1, 1, 
0, 1, 1, 1, 0, 1, 0, 0, 1, 1, 1, 1, 1), hisp = c(0, 0, 0, 0, 
0, 0, 0, 0, 1, 0, 0, 0, 0, 0, 0, 0, 0, 1, 0, 0, 0, 0, 0, 0, 0, 
0, 1, 0, 1, 0, 0, 0, 0, 0, 0, 0, 0, 1, 0, 1, 0, 0, 0, 0, 0, 1, 
0, 0, 0, 0, 1, 0, 0, 0, 0, 0, 0, 0, 0, 0, 1, 0, 0, 0, 0, 0, 0, 
0, 0, 0, 0, 0, 0, 0, 1, 0, 0, 0, 0, 0, 0, 1, 0, 0, 1, 0, 0, 0, 
0, 0, 0, 0, 0, 0, 0, 0, 0, 0, 0, 0, 0, 0, 0, 0, 0, 0, 0, 0, 0, 
0, 0, 0, 0, 0, 0, 0, 0, 0, 0, 0, 0, 1, 0, 0, 0, 0, 0, 0, 1, 0, 
0, 0, 0, 1, 1, 0, 0, 0, 0, 0, 0, 0, 0, 0, 0, 1, 0, 0, 0, 0, 0, 
0, 0, 0, 1, 0, 0, 0, 0, 0, 0, 0, 0, 0, 0, 0, 1, 0, 0, 1, 0, 0, 
0, 0, 0, 1, 0, 0, 0, 0, 0, 0, 0, 0, 0, 0, 0, 0, 0, 0, 0, 0, 0, 
0, 0, 0, 0, 0, 0, 0, 0, 1, 0, 0, 1, 0, 0, 0, 0, 0, 0, 0, 0, 1, 
0, 0, 0, 0, 0, 0, 0, 0, 0, 0, 0, 0, 1, 0, 0, 0, 0, 0, 0, 0, 0, 
0, 0, 0, 0, 0, 0, 0, 0, 0, 0, 0, 1, 1, 0, 0, 0, 0, 0, 0, 0, 0, 
0, 1, 0, 0, 0, 1, 0, 0, 0, 0, 0, 0, 0, 0, 0, 0, 0, 0, 0, 0, 0, 
0, 0, 0, 0, 0, 0, 0, 0, 0, 0, 1, 0, 0, 0, 0, 0, 0, 0, 0, 0, 0, 
0, 0, 0, 0, 0, 1, 0, 0, 0, 0, 0, 0, 0, 0, 0, 0, 0, 0, 0, 0, 0, 
0, 0, 0, 0, 0, 0, 0, 0, 0, 0, 0, 0, 0, 0, 0, 0, 0, 0, 0, 0, 0, 
0, 0, 0, 0, 0, 0, 1, 0, 0, 0, 0, 0, 0, 0, 0, 0, 0, 0, 0, 1, 0, 
0, 0, 0, 0, 0, 0, 0, 0, 0, 0, 1, 0, 0, 0, 0, 0, 0, 0, 0, 0, 0, 
0, 0, 0, 0, 0, 0, 1, 0, 0, 0, 0, 0, 0, 0, 0, 0, 0, 0, 0, 0, 0, 
0, 0, 0, 0, 0, 0, 0, 0, 0, 0, 0, 0, 0, 0, 0, 0, 0, 0, 0, 0, 0, 
0, 0, 1, 0, 0, 0, 0, 0, 1, 0, 0, 0, 1, 0, 0, 1, 0, 0, 0, 0, 0
),