"nsw74psidA" <-
structure(list(trt = c(0, 0, 0, 0, 0, 0, 0, 0, 0, 0, 0, 0, 0, 
0, 0, 0, 0, 0, 0, 0, 0, 0, 0, 0, 0, 0, 0, 0, 0, 0, 0, 0, 0, 0, 
0, 0, 0, 0, 0, 0, 0, 0, 0, 0, 0, 0, 0, 0, 0, 0, 0, 0, 0, 0, 0, 
0, 0, 0, 0, 0, 0, 0, 0, 0, 0, 0, 0, 0, 0, 0, 0, 0, 0, 0, 0, 0, 
0, 0, 0, 0, 0, 0, 0, 0, 0, 0, 0, 0, 0, 0, 0, 0, 0, 0, 0, 0, 0, 
0, 0, 0, 0, 0, 0, 0, 0, 0, 0, 0, 0, 0, 0, 0, 0, 0, 0, 0, 0, 0, 
0, 1, 1, 1, 1, 1, 1, 1, 1, 1, 1, 1, 1, 1, 1, 1, 1, 1, 1, 1, 1, 
1, 1, 1, 1, 1, 1, 1, 1, 1, 1, 1, 1, 1, 1, 1, 1, 1, 1, 1, 1, 1, 
1, 1, 1, 1, 1, 1, 1, 1, 1, 1, 1, 1, 1, 1, 1, 1, 1, 1, 1, 1, 1, 
1, 1, 1, 1, 1, 1, 1, 1, 1, 1, 1, 1, 1, 1, 1, 1, 1, 1, 1, 1, 1, 
1, 1, 1, 1, 1, 1, 1, 1, 1, 1, 1, 1, 1, 1, 1, 1, 1, 1, 1, 1, 1, 
1, 1, 1, 1, 1, 1, 1, 1, 1, 1, 1, 1, 1, 1, 1, 1, 1, 1, 1, 1, 1, 
1, 1, 1, 1, 1, 1, 1, 1), age = c(28, 25, 23, 34, 34, 30, 21, 
30, 26, 39, 26, 32, 34, 31, 39, 40, 31, 27, 26, 37, 33, 31, 36, 
28, 30, 30, 27, 37, 37, 35, 27, 29, 39, 32, 29, 26, 37, 38, 37, 
27, 39, 34, 21, 26, 21, 23, 21, 23, 27, 24, 22, 35, 26, 23, 22, 
24, 27, 21, 30, 22, 22, 33, 24, 20, 28, 19, 23, 24, 27, 27, 27, 
27, 23, 20, 30, 25, 27, 20, 23, 40, 25, 23, 23, 40, 37, 36, 40, 
40, 38, 40, 33, 33, 31, 22, 21, 29, 37, 20, 31, 19, 20, 20, 30, 
29, 22, 20, 40, 22, 24, 19, 23, 30, 35, 35, 35, 40, 19, 19, 25, 
37, 22, 30, 27, 33, 22, 23, 32, 22, 33, 19, 21, 18, 27, 17, 19, 
27, 23, 40, 26, 23, 38, 24, 18, 29, 25, 27, 17, 24, 17, 25, 20, 
25, 25, 23, 24, 21, 19, 17, 18, 20, 25, 17, 17, 25, 23, 28, 31, 
18, 25, 30, 17, 37, 22, 17, 29, 35, 27, 29, 28, 27, 23, 29, 27, 
18, 25, 28, 25, 22, 21, 40, 22, 25, 18, 38, 27, 27, 38, 23, 26, 
21, 25, 31, 17, 25, 21, 25, 18, 25, 31, 24, 26, 25, 18, 19, 17, 
30, 26, 17, 20, 18, 27, 21, 27, 20, 19, 29, 18, 19, 18, 27, 23, 
20, 17, 26, 24, 31, 23, 18, 26, 24, 31, 19, 19, 27, 26, 28, 19, 
18, 27, 21, 22, 29), educ = c(12, 12, 12, 14, 16, 16, 12, 17, 
16, 15, 17, 16, 12, 14, 17, 17, 12, 13, 14, 13, 12, 12, 12, 17, 
17, 12, 16, 12, 12, 16, 17, 16, 13, 12, 14, 14, 12, 12, 13, 17, 
12, 12, 14, 12, 13, 16, 15, 14, 16, 12, 13, 15, 15, 12, 12, 17, 
16, 14, 12, 15, 12, 12, 13, 12, 12, 14, 15, 12, 12, 12, 15, 12, 
12, 12, 17, 16, 15, 12, 9, 10, 11, 11, 11, 8, 10, 9, 7, 7, 11, 
8, 11, 11, 9, 9, 8, 11, 9, 10, 6, 11, 11, 8, 9, 10, 11, 8, 4, 
9, 10, 6, 11, 6, 10, 10, 10, 10, 11, 10, 10, 11, 9, 12, 11, 8, 
9, 12, 11, 16, 12, 9, 13, 8, 10, 7, 10, 13, 10, 12, 12, 11, 9, 
11, 10, 11, 11, 10, 10, 11, 10, 11, 12, 12, 5, 12, 10, 12, 9, 
8, 8, 11, 11, 8, 9, 5, 12, 8, 11, 11, 12, 11, 10, 9, 11, 8, 8, 
10, 11, 4, 9, 11, 7, 13, 9, 6, 12, 15, 11, 12, 9, 11, 11, 12, 
12, 12, 13, 8, 11, 8, 11, 12, 8, 11, 10, 11, 12, 12, 9, 10, 9, 
10, 10, 11, 11, 11, 9, 11, 10, 9, 12, 11, 12, 12, 12, 12, 10, 
14, 10, 9, 11, 9, 10, 11, 9, 11, 11, 9, 8, 10, 11, 10, 12, 11, 
8, 11, 11, 10, 8, 9, 10, 8, 9, 10), black = c(1, 1, 1, 1, 0, 
0, 0, 0, 0, 0, 0, 0, 0, 0, 0, 0, 0, 0, 0, 0, 0, 0, 1, 0, 0, 0, 
0, 0, 0, 0, 0, 0, 0, 0, 0, 0, 0, 0, 0, 0, 0, 0, 0, 0, 0, 0, 0, 
0, 0, 1, 0, 0, 0, 1, 1, 0, 0, 0, 0, 0, 1, 0, 0, 1, 1, 0, 0, 1, 
0, 0, 0, 1, 1, 0, 0, 0, 0, 0, 1, 0, 1, 1, 1, 0, 0, 0, 0, 0, 0, 
0, 0, 0, 0, 0, 1, 1, 0, 0, 1, 1, 0, 1, 1, 1, 1, 1, 1, 1, 1, 1, 
0, 1, 1, 1, 1, 0, 0, 1, 1, 1, 0, 1, 1, 1, 1, 1, 1, 1, 0, 1, 1, 
1, 1, 1, 1, 1, 1, 1, 1, 1, 0, 1, 1, 1, 1, 0, 1, 1, 1, 1, 1, 1, 
1, 1, 1, 1, 0, 1, 0, 1, 1, 1, 1, 1, 1, 1, 1, 1, 1, 1, 1, 1, 0, 
1, 1, 1, 1, 1, 1, 1, 0, 1, 1, 1, 1, 1, 0, 1, 1, 1, 1, 1, 1, 0, 
1, 1, 1, 0, 1, 0, 1, 1, 1, 1, 1, 0, 1, 1, 0, 1, 1, 1, 1, 1, 1, 
1, 1, 0, 1, 1, 1, 0, 1, 1, 1, 1, 1, 1, 0, 1, 1, 1, 1, 1, 1, 1, 
0, 1, 0, 1, 0, 1, 1, 1, 1, 1, 1, 1, 1, 1, 1, 1), hisp = c(0, 
0, 0, 0, 0, 0, 0, 0, 0, 0, 0, 0, 0, 0, 1, 0, 0, 0, 0, 0, 0, 0, 
0, 0, 0, 0, 0, 0, 0, 0, 0, 0, 0, 0, 0, 0, 0, 0, 0, 0, 0, 0, 1, 
0, 0, 0, 0, 0, 0, 0, 0, 0, 0, 0, 0, 0, 0, 0, 0, 0, 0, 0, 0, 0, 
0, 0, 0, 0, 0, 0, 0, 0, 0, 0, 0, 0, 0, 0, 0, 1, 0, 0, 0, 0, 0, 
0, 0, 0, 0, 0, 0, 0, 0, 0, 0, 0, 0, 0, 0, 0, 0, 0, 0, 0, 0, 0, 
0, 0, 0, 0, 1, 0, 0, 0, 0, 0, 0, 0, 0, 0, 1, 0, 0, 0, 0, 0, 0, 
0, 0, 0, 0, 0, 0, 0, 0, 0, 0, 0, 0, 0, 0, 0, 0, 0, 0, 1, 0, 0, 
0, 0, 0, 0, 0, 0, 0, 0, 0, 0, 1, 0, 0, 0, 0, 0, 0, 0, 0, 0, 0, 
0, 0, 0, 0, 0, 0, 0, 0, 0, 0, 0, 0, 0, 0, 0, 0, 0, 0, 0, 0, 0, 
0, 0, 0, 0, 0, 0, 0, 1, 0, 0, 0, 0, 0, 0, 0, 0, 0, 0, 1, 0, 0, 
0, 0, 0, 0, 0, 0, 1, 0, 0, 0, 0, 0, 0, 0, 0, 0, 0, 0, 0, 0, 0, 
0, 0, 0, 0, 0, 0, 0, 0, 0, 0, 0, 0, 0, 0, 0, 0, 0, 0, 0, 0), 
    marr = c(1, 0, 0, 1, 1, 1, 0, 0, 0, 1, 1, 1, 1, 1, 1, 1, 
    1, 1, 0, 1, 1, 1, 1, 1, 1, 1, 1, 1, 1, 1, 1, 1, 1, 1, 1, 
    1, 1, 1, 1, 1, 1, 1, 0, 1, 0, 1, 0, 0, 1, 0, 0, 1, 0, 0, 
    1, 1, 1, 0, 1, 0, 1, 1, 0, 0, 0, 0, 1, 0, 1, 1, 1, 1, 1, 
    1, 1, 1, 1, 0, 0, 1, 0, 0, 0, 1, 1, 1, 1, 1, 1, 1, 1, 1, 
    1, 1, 0, 1, 0, 0, 0, 0, 1, 0, 0, 0, 0, 0, 0, 0, 0, 0, 0, 
    1, 1, 1, 1, 1, 0, 0, 1, 1, 0, 0, 0, 0, 0, 0, 0, 0, 1, 0, 
    0, 0, 1, 0, 0, 0, 0, 0, 0, 0, 0, 0, 0, 1, 0, 0, 0, 0, 0, 
    1, 0, 0, 0, 1, 0, 0, 0, 0, 1, 0, 1, 0, 0, 0, 0, 0, 1, 0, 
    0, 1, 0, 0, 0, 0, 0, 0, 0, 0, 0, 0, 0, 0, 0, 0, 0, 0, 0, 
    0, 0, 0, 0, 0, 0, 0, 0, 0, 0, 0, 0, 0, 0, 1, 0, 0, 0, 0, 
    0, 0, 0, 0, 0, 0, 0, 0, 0, 0, 1, 0, 0, 0, 1, 0, 0, 0, 0, 
    0, 0, 0, 0, 1, 1, 0, 0, 1, 1, 0, 1, 0, 0, 0, 0, 0, 0, 0, 
    1, 0, 0, 0, 0, 0, 0, 0), nodeg = c(0, 0, 0, 0, 0, 0, 0, 0, 
    0, 0, 0, 0, 0, 0, 0, 0, 0, 0, 0, 0, 0, 0, 0, 0, 0, 0, 0, 
    0, 0, 0, 0, 0, 0, 0, 0, 0, 0, 0, 0, 0, 0, 0, 0, 0, 0, 0, 
    0, 0, 0, 0, 0, 0, 0, 0, 0, 0, 0, 0, 0, 0, 0, 0, 0, 0, 0, 
    0, 0, 0, 0, 0, 0, 0, 0, 0, 0, 0, 0, 0, 1, 1, 1, 1, 1, 1, 
    1, 1, 1, 1, 1, 1, 1, 1, 1, 1, 1, 1, 1, 1, 1, 1, 1, 1, 1, 
    1, 1, 1, 1, 1, 1, 1, 1, 1, 1, 1, 1, 1, 1, 1, 1, 1, 1, 0, 
    1, 1, 1, 0, 1, 0, 0, 1, 0, 1, 1, 1, 1, 0, 1, 0, 0, 1, 1, 
    1, 1, 1, 1, 1, 1, 1, 1, 1, 0, 0, 1, 0, 1, 0, 1, 1, 1, 1, 
    1, 1, 1, 1, 0, 1, 1, 1, 0, 1, 1, 1, 1, 1, 1, 1, 1, 1, 1, 
    1, 1, 0, 1, 1, 0, 0, 1, 0, 1, 1, 1, 0, 0, 0, 0, 1, 1, 1, 
    1, 0, 1, 1, 1, 1, 0, 0, 1, 1, 1, 1, 1, 1, 1, 1, 1, 1, 1, 
    1, 0, 1, 0, 0, 0, 0, 1, 0, 1, 1, 1, 1, 1, 1, 1, 1, 1, 1, 
    1, 1, 1, 1, 0, 1, 1, 1, 1, 1, 1, 1, 1, 1, 1, 1), re74 = c(0, 
    0, 0, 0, 0, 0, 0, 0, 0, 0, 0, 0, 0, 0, 0, 0, 0, 0, 0, 0, 
    0, 0, 0, 0, 0, 0, 0, 0, 0, 0, 0, 0, 0, 0, 0, 0, 0, 0, 0, 
    0, 0, 0, 0, 0, 0, 0, 0, 0, 0, 783.70672, 783.70672, 979.6334, 
    979.6334, 1077.5967, 1269.6049, 1371.4868, 1469.4501, 1506.6762, 
    1959.2668, 1967.1039, 2006.2892, 2351.1202, 2351.1202, 2351.1202, 
    2938.9002, 2938.9002, 3320.9572, 3330.7536, 3526.6802, 3722.6069, 
    3722.6069, 3918.5336, 3918.5336, 4310.387, 4310.387, 4604.277, 
    4702.2403, 4811.9593, 0, 0, 0, 0, 0, 0, 0, 0, 0, 0, 0, 0, 
    0, 0, 0, 0, 0, 783.70672, 940.44807, 1381.2831, 1410.6721, 
    1567.4134, 1567.4134, 1880.8961, 1959.2668, 2037.6375, 2351.1202, 
    2938.9002, 2962.4114, 3134.8269, 3152.4603, 3526.6802, 3526.6802, 
    3918.5336, 3918.5336, 3918.5336, 3918.5336, 3918.5336, 4114.4603, 
    4702.2403, 4702.2403, 0, 0, 0, 0, 0, 0, 0, 0, 0, 0, 0, 0, 
    0, 0, 0, 0, 0, 0, 0, 0, 0, 0, 0, 0, 0, 0, 0, 0, 0, 0, 0, 
    0, 0, 0, 0, 0, 0, 0, 0, 0, 0, 0, 0, 0, 0, 0, 0, 0, 0, 0, 
    0, 0, 0, 0, 0, 0, 0, 0, 0, 0, 0, 0, 0, 0, 0, 0, 0, 0, 0, 
    0, 0, 0, 0, 0, 0, 0, 0, 0, 0, 0, 0, 0, 0, 0, 0, 0, 0, 0, 
    0, 0, 0, 0, 0, 0, 0, 0, 0, 2027.999, 445.1704, 989.2678, 
    858.2543, 3670.872, 3670.872, 2143.413, 0, 0, 0, 0, 0, 3678.231, 
    0, 0, 3637.498, 1716.509, 0, 824.3886, 0, 0, 2143.411, 0, 
    4250.402, 0, 2305.026, 0, 2206.94, 0, 0, 2636.353, 0, 1001.146, 
    989.2678, 2192.877, 0),