"oddbooks" <-
structure(list(thick = as.integer(c(14, 15, 18, 23, 24, 25, 28, 
28, 29, 30, 36, 44)), height = c(30.5, 29.1, 27.5, 23.2, 21.6, 
23.5, 19.7, 19.8, 17.3, 22.8, 17.8, 13.5), breadth = c(23, 20.5, 
18.5, 15.2, 14, 15.5, 12.6, 12.6, 10.5, 15.4, 11, 9.2), weight = as.integer(c(1075, 
940, 625, 400, 550, 600, 450, 450, 300, 690, 400, 250))), .Names = c("thick", 
"height", "breadth", "weight"), row.names = c("1", "2", "3", 
"4", "5", "6", "7", "8", "9", "10", "11", "12"), class = "data.frame")
