"possumsites" <-
structure(list(latitude = c(145.883333333333, 148.8, 151.466666666667, 
153.333333333333, 153.416666666667, 152.583333333333, 151.466666666667
), longitude = c(-37.55, -37.6166666666667, -32.1166666666667, 
-28.6166666666667, -28.6166666666667, -26.4333333333333, -24.55
), altitude = c(800, 300, 300, 400, 200, 400, 600)), .Names = c("latitude", 
"longitude", "altitude"), row.names = c("Cambarville", "Bellbird", 
"Allyn River", "Whian Whian", "Byrangery", "Conondale", "Bulburin"
), class = "data.frame")
