"poxetc" <-
structure(c(72, 40, 58, 531, 72, 1354, 293, 127, NA, NA, NA, 
NA, NA, NA, NA, NA, NA, NA, 139, 400, 1190, 184, 525, 1279, 139, 
812, 1294, 823, 835, 409, 1523, 354, 1246, 768, 411, 1233, 655, 
38, 1196, 1987, 951, 1465, 696, 1116, 853, 2507, 997, 359, 1678, 
1798, 1967, 689, 2982, 1408, 2096, 1560, 2496, 1062, 1551, 1318, 
1389, 778, 1241, 1592, 1164, 1683, 784, 196, 634, 1813, 890, 
1031, 1095, 311, 898, 1501, 1095, 721, 1078, 1687, 1024, 3138, 
915, 1943, 1614, 2810, 1057, 2427, 2211, 1884, 3229, 1440, 2375, 
2167, 3271, 1227, 3188, 1519, 2379, 2105, 2849, 1914, 2640, 1197, 
1370, 2688, 1594, 3014, 2084, 1590, 1690, 2725, 1977, 1429, 2029, 
1633, 1206, 3236, 1380, 1789, 2625, 1229, 998, 3538, 774, 2359, 
1988, 1608, 3296, 1273, 2596, 2187, 1525, 2743, 3582, 2382, 2498, 
2334, 2188, 3028, 1968, 1986, 1660, 3992, 1039, 2479, 2669, 1728, 
2567, 1425, 2493, 871, 3500, 636, 1550, 1759, 1999, 1210, 2418, 
1101, 2077, 1617, 1747, 1568, 2382, 1913, 1040, 3548, 522, 2337, 
1111, 2409, 1461, 1579, 1202, 622, 1685, 1158, 1297, 1169, 1163, 
1198, 751, 1287, 898, 638, 725, 653, 1051, 421, 712, 792, 508, 
604, 774, 725, 1299, 503, 616, 598, 736, 627, 563, NA, NA, NA, 
NA, NA, NA, NA, NA, NA, 1053, 360, 438, 1804, 909, 257, 955, 
1620, 521, 499, 1062, 1159, 211, 694, 1039, 531, 156, 242, 1158, 
898, 217, 366, 1996, 547, 640, 1391, 1345, 597, 275, 973, 7912, 
1786, 113, 57, 46, 736, 2551, 1417, 450, 475, 2371, 42, 2, 3, 
80, 21, 33, 27, 12, NA, NA, NA, NA, NA, NA, NA, NA, NA, NA, 5, 
92, 3, 33, 33, 62, 8, 52, 11, 153, 15, 80, 6, 74, 188, 20, 42, 
311, 7, 3, 83, 200, 15, 295, 7, 118, 15, 795, 1, 83, 87, 93, 
117, 49, 121, 50, 39, 6, 197, 25, NA, NA, NA, NA, NA, NA, NA, 
NA, NA, NA, NA, NA, NA, NA, 4, 27, 51, 12, 319, 361, 37, 126, 
89, 181, 97, 77, 61, 139, 30, 270, 35, 492, 243, 213, 238, 114, 
231, 118, 70, 256, 72, 82, 41, 311, 102, 30, 605, 20, 10, 169, 
127, 216, 326, 46, 42, 981, 17, 5, 14, 250, 81, 10, 106, 321, 
21, 111, 253, 12, 423, 156, 24, 696, 316, 175, 394, 122, 610, 
65, 54, 482, 80, 409, 90, 325, 115, 211, 199, 121, 283, 153, 
145, 388, 99, 272, 201, 170, 185, 29, 20, 793, 84, 55, 534, 119, 
156, 450, 248, 172, 328, 307, 222, 196, 223, 395, 136, 559, 438, 
619, 523, 530, 452, 1386, 106, 1031, 235, 427, 550, 817, 711, 
1106, 725, 728, 695, 720, 547, 712, 573, 966, 743, 774, 525, 
736, 578, 479, 750, NA, NA, NA, NA, NA, NA, NA, NA, NA, 973, 
1293, 1442, 1182, 2318, 747, 1778, 1144, 1154, 980, 1297, 595, 
978, 1409, 878, 1479, 1341, 2369, 1330, 2090, 1062, 2334, 1634, 
2788, 1290, 2220, 1143, 1962, 1456, 1449, 1427, 1680, 2149, 1680, 
1408, 1720, 2387, 1500, 2475, 1501, 2533, 8814, 10471, 8458, 
9539, 8427, 10865, 10641, 23382, NA, NA, NA, NA, NA, NA, NA, 
NA, NA, NA, 13784, 9896, 10532, 8681, 10773, 12541, 9082, 13126, 
11409, 13752, 12434, 14993, 14756, 15118, 19771, 16554, 15356, 
18297, 97306, 12738, 15842, 17278, 19432, 20198, 15729, 18230, 
17504, 21201, 17244, 18732, 19067, 20678, 21730, 21053, 23971, 
20691, 20587, 23202, 23222, 22609, 21460, 22921, 23502, 21461, 
22691, 20874, 20959, 24100, 19047, 18638, 20970, 20183, 20795, 
19443, 20471, 19481, 20720, 22684, 22097, 19847, 21600, 21291, 
21800, 24620, 19833, 21198, 21057, 26569, 22232, 24436, 23446, 
26523, 28347, 25454, 26142, 25750, 29197, 25952, 25523, 29647, 
28418, 27810, 29722, 26761, 25262, 23358, 29233, 26062, 23538, 
27581, 27823, 25825, 25432, 30811, 32169, 27483, 25200, 20606, 
21296, 28157, 25494, 23869, 25516, 23727, 21028, 20485, 19276, 
22696, 21917, 20872, 21313, 17576, 19604, 19830, 21063, 26326, 
26148, 23202, 23230, 23911, 22612, 23639, 21847, 22434, 21780, 
26053, 21656, 20884, 20514, 19048, 23334, 20399, 20420, 20517, 
20709, 17918, 19029, 17828, 18919, 20454, 19349, 19697, 20749, 
18038, 18760, 20213, 21749, 19241, 21179, 19288, 17014, 18155, 
18134, 23068, 19374, 19379, 19582, 17034, 17565, 17938, 18334, 
19954, 16680, 19893, 17043, 18295, 17322, 19283, 19560, 20316, 
19968, 19705, 19228, 19348, 18451, 18865, 20587, 20237, 21026, 
20758, 22292, 21709, 23524, 21645, 25337, NA, NA, NA, NA, NA, 
NA, NA, NA, NA, 45507, 45400, 48718, 51110, 48318, 49450, 59131, 
57771, 68755, 48950, 55488, 54638, 60069, 73697, 61942, 57274, 
59103, 64093, 61860, 62309, 65251, 67371, 71060, 78238, 73531, 
80453, 70924, 73798, 78082, 77634, 80430, 71355, 75459, 76813, 
81964, 77671, 77449, 84188, 83805, 81128, 81071, 8.17, 3.82, 
6.85, 55.66, 8.54, 124.62, 27.53, 5.48, NA, NA, NA, NA, NA, NA, 
NA, NA, NA, NA, 10.08, 40.42, 112.29, 21.19, 48.73, 101.98, 15.3, 
61.86, 113.42, 59.85, 67.15, 27.27, 103.21, 23.41, 63.02, 46.39, 
26.76, 67.38, 6.73, 2.98, 75.49, 115, 48.93, 72.53, 44.24, 61.21, 
48.73, 118.24, 57.81, 19.16, 88, 86.95, 90.52, 32.72, 124.4, 
68.04, 101.81, 67.23, 107.48, 46.97, 72.27, 57.5, 59.1, 36.25, 
54.69, 76.26, 55.53, 69.83, 41.16, 10.51, 30.23, 89.82, 42.79, 
53.02, 53.49, 15.96, 43.33, 66.16, 49.55, 36.32, 49.9, 79.23, 
46.97, 127.45, 46.13, 91.65, 76.64, 105.76, 47.54, 99.32, 94.3, 
71.03, 113.9, 56.57, 90.84, 84.15, 112.03, 47.39, 124.9, 52.92, 
83.71, 75.69, 95.85, 71.52, 104.5, 51.24, 46.86, 103.13, 67.72, 
109.27, 74.9, 61.56, 66.45, 88.44, 61.45, 51.99, 80.51, 79.24, 
56.63, 114.92, 54.13, 74.95, 102.87, 52.64, 47.46, 172.71, 40.15, 
103.93, 90.7, 77.04, 154.64, 72.42, 132.42, 110.28, 72.4, 104.19, 
136.98, 102.66, 107.53, 97.61, 96.76, 128.09, 90.08, 88.52, 76.21, 
15.32, 47.97, 118.7, 130.1, 90.71, 110.01, 69.85, 122.08, 42.45, 
169, 35.49, 81.45, 98.66, 105.66, 59.15, 124.96, 55.89, 100.1, 
89.64, 93.12, 77.57, 109.52, 99.42, 49.1, 183.94, 30.68, 128.72, 
61.26, 104.43, 75.41, 81.99, 61.38, 36.5, 95.92, 64.55, 70.74, 
58.58, 69.72, 60.22, 44.06, 70.34, 51.89, 33.08, 37.06, 32.14, 
52.63, 21.36, 37.02, 40.93, 27.53, 32.01, 37.59, 35.82, 61.78, 
24.23, 27.63, 27.54, 31.28, 28.97, 22.22, NA, NA, NA, NA, NA, 
NA, NA, NA, NA, 23.11, 7.92, 8.99, 35.29, 18.81, 5.1, 16.15, 
28.04, 7.57, 10.19, 19.13, 21.21, 3.51, 9.41, 16.77, 9.27, 2.63, 
3.77, 18.55, 14.41, 3.32, 5.43, 28.08, 6.99, 8.7, 17.28, 18.96, 
8.09, 3.52, 12.53, 98.37, 25.02, 1.49, 0.74, 0.56, 9.47, 32.93, 
16.83, 5.36, 5.85, 29.24, 4.47, 0.19, 0.35, 8.38, 2.49, 3.03, 
2.53, 0.51, NA, NA, NA, NA, NA, NA, NA, NA, NA, NA, 0.36, 93, 
0.28, 3.8, 3.06, 4.94, 0.88, 3.96, 0.96, 11.12, 1.2, 5.33, 0.4, 
4.89, 9.5, 1.2, 2.73, 16.99, 0.07, 0.23, 5.23, 11.57, 0.77, 14.6, 
0.44, 6.47, 0.85, 37.49, 0.05, 4.43, 4.56, 4.49, 5.38, 2.32, 
5.04, 2.41, 1.89, 0.25, 8.48, 1.7, NA, NA, NA, NA, NA, NA, NA, 
NA, NA, NA, NA, NA, NA, NA, 0.95, 1.38, 2.46, 0.52, 14.43, 18.18, 
1.71, 5.91, 4.08, 7.35, 4.89, 3.63, 2.89, 5.23, 1.34, 11.04, 
1.49, 18.54, 8.57, 8.36, 9.1, 4.42, 7.91, 4.54, 2.74, 8.63, 2.53, 
2.94, 1.37, 11.62, 4.03, 1.28, 20.69, 0.76, 0.42, 6.12, 4.56, 
8.36, 12.81, 1.48, 1.3, 35.69, 0.67, 0.24, 0.65, 8.87, 3.17, 
0.41, 4.15, 13.52, 0.99, 5.41, 13.12, 0.52, 19.3, 7.42, 1.12, 
39.59, 16.12, 8.82, 18.7, 4.63, 23.32, 2.8, 2.32, 20.15, 3.53, 
17.3, 4.11, 14.48, 52.8, 8.09, 9.18, 5.79, 13.79, 8.03, 6.21, 
19.02, 4.84, 13.25, 9.7, 9.48, 9.72, 1.62, 1.05, 38.76, 4.34, 
2.79, 25.73, 6.59, 8.31, 22.26, 11.4, 8.93, 15.48, 15.91, 13.04, 
10.79, 12.29, 17.12, 7.02, 28.48, 22.36, 36.33, 29.77, 29.54, 
24.56, 69.45, 6.35, 51.82, 13.78, 23.33, 31.75, 42.36, 36.34, 
54.43, 36.3, 36.94, 36.14, 37.21, 29.64, 37.74, 27.83, 17.73, 
35.33, 37.28, 23.55, 33.9, 24.57, 22.12, 29.6, NA, NA, NA, NA, 
NA, NA, NA, NA, NA, 21.38, 28.48, 29.6, 23.12, 47.97, 15.1, 30.06, 
19.8, 16.78, 20.02, 23.37, 10.88, 16.28, 19.11, 14.17, 25.82, 
22.68, 36.96, 21.5, 33.54, 16.27, 34.64, 22.99, 35.63, 17.53, 
27.59, 16.11, 26.59, 18.65, 18.66, 17.74, 23.54, 28.47, 21.87, 
17.17, 22.14, 30.82, 17.81, 29.53, 18.5, 31.25), .Dim = as.integer(c(253, 
5)), .Dimnames = list(NULL, c("fpox", "measles", "all", "fpox2all", 
"measles2all")), .Tsp = c(1629, 1881, 1), class = c("mts", "ts"
))
