"rainforest" <-
structure(list(dbh = c(6, 23, 20, 23, 24, 5, 5, 8, 10, 8, 22, 
9, 10, 10, 19, 35, 6, 4, 4, 6, 5, 8, 6, 5, 7, 5, 7, 6, 25, 24, 
31, 21, 16, 27, 19, 21, 10, 23, 27, 26, 9, 12, 9, 11, 10, 37, 
37, 20, 56, 9, 17, 17, 10, 6, 22, 15, 15, 19, 11, 9, 25, 22, 
10, 12, 48), wood = c(NA, 353, 208, 445, 590, 14, 10, 31, 59, 
30, 320, 20, 29, 35, 203, 1090, 10, 7, 3, 13, 9, 20, 16, 7, 29, 
12, 25, 10, 506, 508, 817, 274, 162, 540, 272, 293, 77, 408, 
550, 414, 42, 85, 35, 60, 60, 1250, 990, 290, 1500, 40, 216, 
208, 50, 18, 382, 161, 140, 280, 84, 50, 510, 400, 70, 115, 1530
), bark = c(NA, NA, NA, NA, NA, NA, NA, NA, NA, NA, NA, NA, NA, 
NA, NA, NA, NA, NA, NA, NA, NA, NA, NA, NA, NA, NA, NA, NA, NA, 
NA, NA, NA, NA, NA, NA, NA, NA, NA, 105, 78, 8, 13, NA, NA, NA, 
NA, NA, NA, NA, NA, NA, NA, NA, NA, NA, NA, NA, NA, NA, NA, NA, 
NA, NA, NA, NA), root = c(6, 135, NA, NA, NA, 2, NA, NA, NA, 
6, 51, 6, NA, 9, 16, 66, NA, NA, NA, NA, NA, NA, NA, NA, NA, 
NA, NA, NA, NA, NA, NA, NA, NA, NA, NA, NA, NA, NA, 44, 38, 5, 
17, NA, NA, NA, NA, NA, NA, NA, NA, NA, NA, NA, NA, NA, NA, NA, 
NA, NA, NA, NA, NA, NA, NA, NA), rootsk = c(0.3, 13, NA, NA, 
NA, 2.4, NA, NA, NA, 1, 17, 1, NA, 2, 11, 24, NA, NA, NA, NA, 
NA, NA, NA, NA, NA, NA, NA, NA, NA, NA, NA, NA, NA, NA, NA, NA, 
NA, NA, 9, 13, 1.3, 2.2, NA, NA, NA, NA, NA, NA, NA, NA, NA, 
NA, NA, NA, NA, NA, NA, NA, NA, NA, NA, NA, NA, NA, NA), branch = c(NA, 
35, 41, 50, NA, NA, NA, NA, NA, 4, 30, 13, 10, 17, 46, 92, 11, 
6, 5, 5, 8, 9, 6, 8, 14, 8, 16, 9, 45, 65, 95, 31, 25, 55, 52, 
NA, NA, NA, 59, 44, 7, 16, 9, 13, 12, 76, 90, 36, NA, NA, 40, 
NA, NA, NA, NA, NA, NA, NA, NA, NA, 45, 35, NA, NA, 120), species = structure(c(1, 
1, 1, 1, 1, 1, 1, 1, 1, 1, 1, 1, 1, 1, 1, 1, 2, 2, 2, 2, 2, 2, 
2, 2, 2, 2, 2, 2, 3, 3, 3, 3, 3, 3, 3, 3, 3, 3, 4, 4, 4, 4, 4, 
4, 4, 4, 4, 4, 4, 3, 3, 3, 3, 3, 3, 3, 3, 3, 3, 3, 3, 3, 3, 3, 
3), .Label = c("Acacia mabellae", "C. fraseri", "Acmena smithii", 
"B. myrtifolia"), class = "factor")), .Names = c("dbh", "wood", 
"bark", "root", "rootsk", "branch", "species"), class = "data.frame", row.names = c("27", 
"61", "62", "63", "65", "80", "81", "82", "83", "84", "95", "96", 
"97", "98", "99", "100", "102", "103", "104", "105", "106", "107", 
"108", "109", "110", "111", "112", "113", "114", "115", "116", 
"117", "118", "119", "120", "121", "122", "123", "124", "125", 
"126", "127", "128", "129", "130", "131", "132", "133", "134", 
"135", "136", "137", "138", "139", "140", "141", "142", "143", 
"144", "145", "146", "147", "148", "149", "150"))
