"rice" <-
structure(list(PlantNo = c(1, 2, 3, 4, 5, 6, 7, 8, 9, 10, 11, 
12, 1, 2, 3, 4, 5, 6, 7, 8, 9, 10, 11, 12, 1, 2, 3, 4, 5, 6, 
7, 8, 9, 10, 11, 12, 1, 2, 3, 4, 5, 6, 7, 8, 9, 10, 11, 12, 1, 
2, 3, 4, 5, 6, 7, 8, 9, 10, 11, 12, 1, 2, 3, 4, 5, 6, 7, 8, 9, 
10, 11, 12), Block = c(1, 1, 1, 1, 1, 1, 2, 2, 2, 2, 2, 2, 1, 
1, 1, 1, 1, 1, 2, 2, 2, 2, 2, 2, 1, 1, 1, 1, 1, 1, 2, 2, 2, 2, 
2, 2, 1, 1, 1, 1, 1, 1, 2, 2, 2, 2, 2, 2, 1, 1, 1, 1, 1, 1, 2, 
2, 2, 2, 2, 2, 1, 1, 1, 1, 1, 1, 2, 2, 2, 2, 2, 2), RootDryMass = c(56, 
66, 40, 43, 55, 66, 41, 67, 40, 35, 44, 41, 12, 20, 21, 15, 5, 
18, 18, 7, 9, 6, 13, 7, 12, 18, 17, 23, 21, 23, 14, 14, 12, 23, 
11, 20, 6, 4, 4, 7, 5, 6, 6, 5, 7, 3, 12, 7, 4, 10, 9, 10, 8, 
9, 1, 12, 8, 17, 8, 14, 19, 18, 21, 7, 17, 18, 16, 11, 6, 11, 
7, 15), ShootDryMass = c(132, 120, 108, 134, 119, 125, 98, 122, 
114, 82, 37, 109, 45, 60, 87, 57, 26, 78, 45, 40, 44, 32, 55, 
34, 71, 78, 87, 80, 92, 129, 48, 60, 46, 74, 51, 64, 8, 6, 3, 
1, 7, 5, 10, 17, 3, 5, 15, 8, 22, 36, 54, 53, 42, 30, 35, 59, 
38, 70, 59, 61, 75, 75, 96, 59, 96, 100, 75, 68, 35, 53, 47, 
79), trt = structure(as.integer(c(1, 1, 1, 1, 1, 1, 1, 1, 1, 
1, 1, 1, 2, 2, 2, 2, 2, 2, 2, 2, 2, 2, 2, 2, 3, 3, 3, 3, 3, 3, 
3, 3, 3, 3, 3, 3, 4, 4, 4, 4, 4, 4, 4, 4, 4, 4, 4, 4, 5, 5, 5, 
5, 5, 5, 5, 5, 5, 5, 5, 5, 6, 6, 6, 6, 6, 6, 6, 6, 6, 6, 6, 6
)), .Label = c("F10", "NH4Cl", "NH4NO3", "F10 +ANU843", "NH4Cl +ANU843", 
"NH4NO3 +ANU843"), class = "factor"), fert = structure(as.integer(c(1, 
1, 1, 1, 1, 1, 1, 1, 1, 1, 1, 1, 2, 2, 2, 2, 2, 2, 2, 2, 2, 2, 
2, 2, 3, 3, 3, 3, 3, 3, 3, 3, 3, 3, 3, 3, 1, 1, 1, 1, 1, 1, 1, 
1, 1, 1, 1, 1, 2, 2, 2, 2, 2, 2, 2, 2, 2, 2, 2, 2, 3, 3, 3, 3, 
3, 3, 3, 3, 3, 3, 3, 3)), .Label = c("F10", "NH4Cl", "NH4NO3"
), class = "factor"), variety = structure(as.integer(c(1, 1, 
1, 1, 1, 1, 1, 1, 1, 1, 1, 1, 1, 1, 1, 1, 1, 1, 1, 1, 1, 1, 1, 
1, 1, 1, 1, 1, 1, 1, 1, 1, 1, 1, 1, 1, 2, 2, 2, 2, 2, 2, 2, 2, 
2, 2, 2, 2, 2, 2, 2, 2, 2, 2, 2, 2, 2, 2, 2, 2, 2, 2, 2, 2, 2, 
2, 2, 2, 2, 2, 2, 2)), .Label = c("wt", "ANU843"), class = "factor")), .Names = c("PlantNo", 
"Block", "RootDryMass", "ShootDryMass", "trt", "fert", "variety"
), row.names = c("1", "2", "3", "4", "5", "6", "7", "8", "9", 
"10", "11", "12", "13", "14", "15", "16", "17", "18", "19", "20", 
"21", "22", "23", "24", "25", "26", "27", "28", "29", "30", "31", 
"32", "33", "34", "35", "36", "37", "38", "39", "40", "41", "42", 
"43", "44", "45", "46", "47", "48", "49", "50", "51", "52", "53", 
"54", "55", "56", "57", "58", "59", "60", "61", "62", "63", "64", 
"65", "66", "67", "68", "69", "70", "71", "72"), class = "data.frame")
