"sorption" <-
structure(list(m5 = c(7.8, 10, 15.72, 18.4, 25.33, 25.13, 8.3, 
10.74, 15.79, 20.26, 23.08, 26.79, 12.24, 11.62, 16.06, 26.3641763606749, 
28.07, 30.94, 12.12, 17.22, 20.2, 23.22, 27.6, 30.27, 14.61, 
15.72, 19.62, 21.66, 26.77, 30.64, 12.62, 15.44, 19.17, 23.76, 
27.46, 32.17, 13.4150854912908, 15.64, 19.99, 23.96, 27.67, 31.82, 
13.88, 15.54, 19.83, 23.76, 28.64, 32.04, 14.37, 15.69, 19.28, 
23.7251648717449, 26.49, 32.68, 15.54, 16.29, 19.49, 26.1, 27.5582568478733, 
32.52, 13.13, 15.32, 20.12, 23.24, 28.85, 32.95, 13.72, 15.82, 
20.35, 23.96, 27.39, 33.18, 13.09, NA, 20.12, 24.12, 26.56, 32.33, 
14.66, 16.55, 20.76, 24.86, 28.57, 32.92, 15.21, 18.13, 20.24, 
24.22, 28.4, 31.71, 14.31, 16.34, 20.43, 24.58, 28.31, 32.16, 
14.66, 16.93, 21.63, 28.02, 29.56, 33.51, 9.6, 14.7, 20.2, 23.1, 
27.6, 34.6, 9.6, 14.6, 20.1, 23.6, 26.6, 33.8, 9.8, 15.7, 21.2, 
24.3, 28.9, 35.7, 14.4, 14.8, 21, 23.8, 27.7, 33, 12.2, 16.4, 
20.4, 24.1, 26.8, 32.8, 13.1, 16.1, 21.6, 24.3, 27.4, 33.6, 12.8, 
15.1, 20.2, 23.9, 27.7, 34, 12.4, 14.8, 19.7, 23.2, 27, 32.9, 
12.6, 15.8, 20.7, 27.4, 28.3, 33.6, 12.1, 17.5, 21.5, 23, 26.5, 
33.7, 12, 14.6, 22.5, 24.5, 29.8, 33.2, 12.6, 16.4, 21.5, 21.9, 
28.2, 32.6, 12.3, 17.7, 22.4, 24.9, 31.1, 34.6, 12.1, 18, 23.7, 
26.2, 29.9, 33.2, 12, 16.2, 22, 23.8, 29.7, 37), m10 = c(8.04, 
10.69, 16.17, 18.48, 24.96, 22.66, 7.86, 11.93, 16.26, 20.19, 
21.64, 25.48, 11.27, 13.89, 16.86, 26.51, 28.03, 29.66, 11.77, 
16.96, 19.82, 24.05, 26.55, 30.41, 14.6, 17.2, 20.43, 22.56, 
26.25, 30.51, 12.74, 15.7, 20.63, 24.5, 26.93, 32.01, 14, 16.32, 
20.7, 25.31, 26.9, 32.88, 13.92, 16.78, 20.84, 24.29, 27.77, 
32.15, 14.65, 15.84, 20.3, 23.83, 26.14, 33.51, 14.66, 15.96, 
21.2, 26.9, 27.26, 32.14, 13.4, 16.14, 21.11, 25.22, 27.08, 32.53, 
13.85, 17.66, 21.1, 24.05, 26.65, 33.06, 15.48, 16.49, 22.33, 
23.26, 27.12, 32.19, 14.86, 17.67, 21.85, 24.99, 27.66, 33.9, 
14.99, 19.42, 21.75, 25.59, 27.28, 32.38, 14.65, 18.26, 21.61, 
25.36, 27.56, 33.27, 14.87, 18.38, 22.56, 29.29, 28.76, 34.5, 
9.6, 14.9, 19.9, 21.9, 27.5, 34.4, 9.2, 14.6, 19.9, 23.4, 26.7, 
32.7, 9.9, 15.3, 21, 24.3, 28.1, 35.4, 13.3, 16.2, 22, 24.4, 
27.1, 30.2, 12.6, 17.5, 21.1, 24.9, 27.7, 34.1, 13.1, 17.2, 22, 
24.8, 27.1, 33.8, 13.4, 16, 21, 25.2, 27, 33.8, 12.6, 16, 20.4, 
24.5, 26.3, 32.9, 12.9, 17, 26.7, 24.9, 27.2, 33.6, 12.3, 16.8, 
23.3, 23.8, 28.1, 33.8, 12, 17.2, 22.8, 23.4, 29.4, 34.7, 12.6, 
16.8, 21.8, 23.3, 28.5, 32.2, 12.2, 17.7, 23.1, 24.7, 30.8, 32.7, 
12.5, 17.9, 23.2, 26.7, 28.5, 34.9, 12, 16.9, 21.6, 24.9, 29.4, 
34.3), m30 = c(8.89, 9.56, 14.26, 16.04, 21.92, 22.49, 7.88, 
11.08, 17.83, 20.12, 22.8, 28.2, 11.82, 12.09, 16.65, 25.04, 
26.95, 29.49, 11.29, 16.05, 19.64, 23.68, 27.6, 30.93, 14.44, 
17.23, 19.61, 22.61, 26.25, 31.62, 12.43, 19.17, 20.45, 24.4, 
27.11, 31.06, 13.58, 16.12, 20.31, 24.34, 26.69, 32.12, 14.36, 
17.36, 21.17, 24.1, 27.49, 30.55, 14.03, 15.785, 20.43, 22.86, 
27.18, 33.48, 14.01, 16.195, 20.695, 27.39, 27.92, 32.29, 13.25, 
15.41, 21.21, 23.81, 27.95, 33.59, 13.38, 16.03, 20.85, 24.26, 
27.14, 32.88, 14.6, 17.1, 20.63, 23.39, 28.32, 31.87, 14.04, 
17.69, 21.16, 25.77, 26.95, 31.55, 14.37, 18.93, 21.26, 24.9, 
28.1, 31.17, 13.83, 18.12, 20.81, 24.28, 26.95, 29.91, 14.14, 
17.91, 22.06, 27.73, 27.86, 30.93, NA, NA, NA, NA, NA, NA, NA, 
NA, NA, NA, NA, NA, NA, NA, NA, NA, NA, NA, 12.9, 15.5, 21.6, 
24.3, 28, 33, 12.7, 16.6, 20.4, 23.9, 27.9, 35.2, 13, 16.9, 21.8, 
24.6, 27.8, 33.5, 12.7, 15.4, 20.7, 24.7, 27.9, 33.7, 12.2, 15.4, 
20, 23.9, 27.4, 32.8, 12.4, 16, 22.3, 24.3, 28.1, 33.2, 10.9, 
17.5, 22.8, 24.1, 27.8, 31.8, 12.4, 16.5, 21.5, 23.5, 28.9, 31.7, 
12.1, 15.8, 21.1, 22.9, 28.3, 32.2, 12.3, 17.4, 22.7, 23.9, 27.7, 
32.2, 12.6, 17.2, 22.7, 25.6, 29.2, 33.6, 12.1, 16.4, 21.2, 23.7, 
27.8, 33.5), m60 = c(8.05, 9.9, 14.13, 15.93, 22.58, 23.7, 7.98, 
12.07, 16.13, 19.62, 22.66, 26.8, 10.82, 12.6, 16.52, 26.36, 
26.35, 30.71, 11.99, 16.49, 19.4, 23.46, 27.1, 30.22, 14.27, 
16.03, 19.68, 20.68, 25.38, 29.29, 13.15, 16.76, 20.44, 24.11, 
27.03, 31.15, 13.49, 16.32, 19.72, 24.06, 28.38, 31.75, 13.08, 
16.65, 20.08, 24.7, 26.3, 30.6, 13.84, 15.73, 19.47, 23.55, 25.76, 
33.45, 13.88, 16.43, 20.19, 27.88, 27.06, 31.01, 13.19, 16.84, 
20.69, 23.4, 26.48, 33.21, 13.09, 16.05, 20.3, 26.23, 26.79, 
33.03, 12.6, 16.22, 20.17, 22.93, 26.73, NA, NA, NA, NA, NA, 
NA, NA, 15.5, 19.03, 21.08, 25.01, 28.31, 31.66, 13.29, 17.28, 
20.07, 22.87, 25.44, 32.1, 13.2, 17.78, 21.04, 26.29, 26.17, 
32.31, NA, NA, NA, NA, NA, NA, NA, NA, NA, NA, NA, NA, NA, NA, 
NA, NA, NA, NA, 14.2, 16, 21.4, 24.1, 27.7, 32.6, 12.4, 16.7, 
20.3, 24, 26.9, 32.9, 13.7, 17.3, 21.6, 24.7, 27.7, 32.9, 13.4, 
15.7, 20.4, 24.5, 27.4, 33.4, 13, 15.8, 19.9, 23.8, 27, 32.5, 
13.2, 16.5, 20.4, 24.1, 27.7, 32.6, 11.9, 15.6, 21.5, 23.1, 26.5, 
32.2, 11.6, 15.9, 20.6, 23.4, 26.4, 32.9, 12, 15.3, 20.4, 22, 
26.5, 31.6, 11.5, 16.6, 22.1, 22.4, 26.9, 31.7, 11.9, 17.5, 21.7, 
24.4, 28.2, 31.8, 11.5, 15.6, 20.6, 23.8, 27.9, 32.9), m90 = c(7.89, 
10.78, 13.7, 15.88, 22.12, 21.89, 8.37, 14.49, 15.92, 20.31, 
22.535, 26.605, 11.01, 13.24, 16.39, 23.97, 26.59, 28.95, 11.74, 
16.54, 20.29, 24.19, 27.28, 29.85, 15.65, 15.78, 19.34, 20.95, 
25.73, 29.29, 12.63, 15.74, 19.24, 23.33, 27.07, 29.85, 13.7, 
17.73, 20.04, 23.67, 27.5, 31.05, 13.52, 15.94, 19.425, 23.69, 
26.19, 30.65, 14.05, 15.23, 18.51, 23.19, 25.26, 31.11, 14.51, 
15.9, 18.27, 26.23, 26.49, 30.41, 13, 15.54, 18.76, 22.71, 26.38, 
31.29, 13.51, 15.79, 20.08, 23.4, 26.3, 31.65, 13.26, NA, NA, 
NA, NA, NA, 14.69, 16.08, 20.05, 23.9, 27.31, 31.71, 15.31, 18.8, 
20.8, 24.56, 28.07, 32.44, 14.01, 16.76, 19.69, 22.31, 25.16, 
30.93, 14.18, 16.93, 20.66, 28.06, 26.27, 31.89, NA, NA, NA, 
NA, NA, NA, NA, NA, NA, NA, NA, NA, NA, NA, NA, NA, NA, NA, 13.6, 
16, 21.5, 24, 27.6, 32.4, 12.5, 16.4, 20.4, 23.9, 27.3, 32.7, 
13.6, 17.2, 21.6, 24.3, 27.6, 33, 13.4, 20.4, 20.3, 24.4, 27.2, 
33.1, 13.1, 15.9, 19.9, 23.8, 26.7, 32.1, 13.3, 16.5, 20.2, 24.1, 
27.5, 32.4, 11.7, 16.8, 20.2, 22.2, 24.9, 29.8, 10.9, 15.2, 20, 
22.2, 26.7, 31.5, 11.9, 14.6, 20.3, 21.4, 26.5, 31.5, 11.3, 16.1, 
NA, 22.5, 25.4, 33, 11.5, 16.8, 22.2, 23.8, 29.1, 32.7, 11.1, 
15.7, 19.9, 21.7, 25.7, 30.7), m120 = c(5.08, 9.84, 13.65, 15.8, 
22.31, 21.66, 8.5, 13.81, 15.87, 20.33, 22.41, 26.41, 10.66, 
13.23, 16.59, 23.83, 24.8, 27.67, 11.45, 16.16, 19.04, 23.02, 
27.46, 29.84, 14.13, 16.39, 19.21, 20.74, 24.7, 30.23, 12.31, 
15.63, 20.01, 22.55, 26.23, 31.06, 14.2, 16.04, 19.9, 21.67, 
26.62, 30.49, 13.5, 15.84, 18.77, 22.68, 25.81, 30.61, 13.92, 
14.93, 18.36, 22.64, 24.72, 29.83, 14.15, 15.69, 18.83, 25.39, 
26.02, 29.94, 12.4, 15.55, 19.65, 23.81, 25.78, 30.41, 13.04, 
15.39, 20.66, 23.07, 25.95, 31.68, NA, 16.46, 19.62, 22.25, 25.81, 
30.24, 14.77, 17.06, 21, 24.5, 26.15, 32.1, 14.75, 19, 20.72, 
24.65, 28.29, 30.99, 13.82, 16.68, 19.16, 22.02, 24.47, 30.36, 
13.98, 16.64, 20.27, 25.32, 25.42, 31.08, 8.8, 13.9, 18.6, 21.4, 
25.5, 31.2, 8.7, 13.6, 18.2, 21.5, 24.2, 30, 8.9, 13.7, 18.8, 
22.2, 25.3, 31, 13.6, 15.9, 21.5, 23.7, 27.4, 32.3, 12.2, 16.5, 
20.3, 23.8, 26.8, 32.8, 13.7, 17.2, 21.4, 24.3, 27.4, 32.9, 13.4, 
15.9, 20.2, 24.3, 27.5, 32.7, 13.1, 15.9, 19.8, 23.8, 26.7, 31.9, 
13.2, 16.5, 20.1, 23.8, 27.4, 32.2, 11.1, 15.7, 20.3, 22.3, 26.3, 
31.1, 10.9, 14.4, 19.4, 21.8, 25.5, 28.5, 11.6, 15.2, 19.4, 21.9, 
26.1, 30.8, 10.3, 14.9, 21.5, 21.4, 26.2, 30.5, 11.2, 16, 21.7, 
23.4, 27.1, 31.6, 10.7, 14.9, 19, 22.6, 25.6, 31),