"SP500close" <-
c(358.76, 355.67, 352.2, 353.79, 349.62, 347.31, 348.53, 339.93, 
337, 340.75, 337.4, 338.19, 339.15, 330.38, 331.61, 330.26, 326.08, 
325.8, 325.2, 322.98, 329.08, 328.79, 330.92, 331.85, 329.66, 
333.75, 332.96, 333.62, 330.08, 331.02, 332.01, 334.89, 332.72, 
327.99, 327.67, 325.7, 324.15, 328.67, 330.26, 331.89, 332.74, 
335.54, 333.74, 337.93, 336.95, 340.27, 337.93, 338.67, 336, 
336.87, 338.07, 341.91, 343.53, 341.57, 339.74, 335.69, 337.22, 
337.63, 341.5, 342, 340.79, 339.94, 338.7, 343.64, 341.09, 340.73, 
340.08, 341.37, 342.07, 341.92, 344.34, 344.74, 344.68, 340.72, 
338.09, 335.12, 331.05, 330.36, 332.03, 332.92, 329.11, 330.8, 
332.25, 334.48, 335.57, 338.39, 340.53, 342.01, 342.86, 343.82, 
352, 354.75, 354.28, 354, 354.47, 354.64, 358, 358.43, 359.29, 
358.41, 354.58, 360.65, 360.86, 361.230, 363.16, 367.4, 366.64, 
364.96, 363.15, 358.71, 361.63, 366.25, 364.9, 362.900, 362.91, 
356.88, 358.47, 359.1, 360.47, 355.43, 352.31, 352.06, 355.14, 
357.63, 358.020, 359.540000000000, 360.16, 355.68, 358.42, 359.52, 
356.49, 361.230, 365.44, 367.31, 368.95, 367.52, 364.22, 365.32, 
361.61, 355.31, 355.79, 357.09, 355.91, 353.440, 355.55, 356.15, 
355.52, 351.48, 344.86, 334.430000000000, 334.83, 338.35, 339.94, 
335.52, 338.840000000000, 339.389999999999, 340.060000000000, 
332.39, 327.83, 328.509999999999, 321.860000000000, 316.550000000000, 
307.060000000000, 311.509999999999, 321.44, 321.339999999999, 
324.190000000000, 318.710000000000, 322.560000000000, 323.089999999999, 
324.390000000000, 320.460000000000, 323.399999999999, 321.630000000000, 
321.040000000000, 322.54, 318.649999999999, 316.830000000000, 
317.770000000000, 318.6, 316.600000000000, 311.480000000000, 
311.320000000000, 304.590000000000, 308.260000000000, 305.060000000000, 
300.970000000000, 306.050000000000, 314.940000000000, 315.210000000000, 
311.400000000000, 312.69, 311.500000000000, 313.480000000000, 
305.100000000000, 300.390000000000, 295.460000000000, 300.030000000000, 
303.23, 298.92, 298.760000000000, 305.740000000000, 312.480000000000, 
314.760000000000, 312.36, 312.6, 310.17, 304.710000000000, 301.88, 
304.06, 304, 307.020000000000, 311.85, 314.590000000000, 311.62, 
306.01, 307.610000000000, 313.74, 319.48, 317.67, 320.400000000000, 
317.020000000000, 317.12, 319.34, 315.31, 316.030000000000, 315.1, 
316.51, 318.1, 317.95, 316.42, 322.22, 324.1, 326.35, 329.92, 
329.07, 327.75, 328.890000000000, 326.44, 330.19, 329.34, 326.82, 
326.02, 330.05, 330.2, 330.12, 331.75, 329.9, 330.85, 328.290000000000, 
328.72, 330.22, 326.45, 321.91, 321, 315.44, 314.9, 311.49, 314.53, 
315.23, 312.49, 313.73, 316.17, 327.97, 332.23, 331.06, 328.31, 
330.21, 334.78, 336.07, 336.03, 335.84, 340.91, 343.930000000000, 
343.05, 348.34, 351.26, 358.07, 356.520, 359.35, 368.58, 365.5, 
369.02, 364.22, 369.06, 369.39, 365.14, 364.97, 365.65, 367.26, 
362.81, 367.74, 367.07, 370.47, 369.33, 376.72, 376.17, 375.91, 
374.95, 372.96, 370.03, 374.57, 373.5, 373.59, 372.11, 366.59, 
367.92, 366.58, 367.48, 369.83, 376.3, 375.35, 375.22, 371.3, 
379.5, 378.94, 379.77, 375.36, 378.66, 373.56, 373.15, 377.63, 
380.4, 381.19, 387.62, 390.45, 388.46, 384.2, 380.95, 381.76, 
382.76, 379.25, 379.02, 373.66, 375.34, 380.29, 380.52, 380.8, 
380.08, 377.32, 378.510000000000, 383.25, 375.740000000000, 376.76, 
371.62, 368.57, 372.19, 372.39, 372.28, 375.35, 376.190000000000, 
374.96, 377.490000000000, 381.94, 382.79, 386.960000000000, 389.830000000000, 
388.060000000001, 387.74, 385.090000000000, 383.630000000000, 
379.430000000001, 378.57, 381.050000000001, 376.65, 377.63, 382.290000000001, 
380.13, 378.590000000001, 375.09, 375.42, 377.750000000001, 370.940000000001, 
370.650000000000, 371.59, 374.4, 371.160000000000, 377.920000000000, 
377.470000000001, 373.330000000001, 374.080000000000, 377.940000000001, 
376.110000000000, 375.740000000001, 376.970000000000, 380.25, 
382.390000000001, 381.540000000001, 381.180000000001, 385.370000000001, 
384.220000000001, 382.880000000000, 379.420000000001, 378.640000000001, 
380.960000000000, 380.930000000000, 383.150000000000, 386.690000000001, 
387.810000000001, 387.120000000001, 387.180000000001, 385.060000000001, 
390.62, 390.560000000001, 389.320000000001, 387.120000000001, 
388.020000000000, 389.620000000001, 389.900000000001, 389.330000000001, 
385.580000000001, 376.470000000000, 379.430000000001, 390.590000000000, 
391.33, 394.170000000001, 393.850000000000, 393.060000000001, 
396.640000000001, 396.470000000001, 395.430000000001, 392.150000000000, 
389.970000000001, 389.140000000000, 389.100000000001, 388.570000000001, 
384.560000000000, 385.090000000001, 387.340000000000, 383.590000000001, 
385.780000000001, 385.500000000000, 386.940000000001, 387.560000000000, 
387.920000000001, 385.920000000001, 387.710000000001, 386.880000000001, 
386.490000000000, 385.900000000001, 387.860000000001, 389.200000000001, 
388.260000000001, 384.470000000001, 381.250000000001, 379.500000000001, 
380.670000000001, 376.800000000001, 380.550000000001, 381.450000000001, 
386.470000000001, 391.010000000001, 392.800000000001, 391.920000000001, 
392.500000000001, 390.020000000001, 387.830000000001, 387.940000000001, 
385.070000000001, 384.200000000001, 389.520000000001, 391.480000000001, 
392.960000000001, 392.450000000001, 391.320000000001, 390.280000000001, 
388.710000000001, 389.970000000001, 393.720000000001, 392.890000000001, 
393.120000000001, 396.740000000001, 397.410000000001, 397.150000000001, 
382.620000000001, 385.240000000001, 379.420000000001, 378.530000000001, 
380.060000000001, 376.140000000001, 375.340000000001, 377.960000000001, 
376.550000000001, 375.220000000001, 381.400000000001, 380.960000000001, 
380.070000000001, 377.390000000001, 379.100000000001, 378.260000000001, 
377.900000000000, 377.700000000001, 381.550000000001, 384.470000000001, 
384.460000000001, 382.740000000001, 383.480000000001, 382.520000000001, 
387.040000000001, 396.820000000001, 399.330000000001, 404.840000000001, 
406.460000000001, 415.140000000001, 417.090000000001, 417.260000000001, 
419.340000000001, 417.960000000001, 417.400000000001, 418.100000000001, 
417.610000000001, 415.100000000001, 414.340000000001, 420.440000000001, 
420.770000000001, 418.210000000001, 418.860000000001, 416.360000000001, 
412.640000000001, 418.130000000001, 414.960000000001, 415.480000000001, 
414.990000000001, 414.960000000001, 410.340000000001, 411.620000000001, 
408.780000000001, 409.530000000001, 413.850000000001, 413.840000000001, 
413.820000000001, 411.090000000001, 413.770000000001, 413.760000000001, 
417.130000000001, 413.690000000001, 412.480000000001, 407.380000000001, 
408.260000000001, 413.900000000001, 411.430000000001, 412.270000000001, 
410.450000000001, 415.350000000001, 413.860000000001, 412.700000000001, 
412.450000000001, 412.850000000001, 409.330000000001, 406.510000000001, 
404.440000000001, 405.210000000001, 406.890000000001, 404.030000000001, 
403.890000000001, 405.840000000001, 406.390000000001, 409.580000000001, 
409.150000000001, 409.800000000001, 411.300000000001, 409.910000000001, 
408.880000000001, 407.520000000001, 407.860000000001, 403.500000000001, 
403.000000000001, 403.690000000001, 404.230000000001, 400.500000000001, 
401.550000000001, 405.590000000001, 398.060000000001, 394.500000000001, 
400.640000000001, 404.290000000001, 406.080000000001, 412.390000000001, 
416.280000000001, 416.040000000001, 410.180000000001, 410.260000000001, 
409.810000000001, 411.600000000001, 409.020000000001, 408.450000000001, 
409.110000000001, 412.020000000001, 414.950000000001, 412.530000000001, 
416.910000000001, 416.840000000001, 416.790000000001, 415.850000000001, 
416.050000000001, 418.490000000001, 416.290000000001, 416.450000000001, 
