"SP500W90" <-
structure(list(day = c(3, 4, 5, 8, 9, 10, 11, 12, 15, 16, 17, 
18, 19, 22, 23, 24, 25, 26, 29, 30, 31, 32, 33, 36, 37, 38, 39, 
40, 43, 44, 45, 46, 47, 50, 51, 52, 53, 54, 57, 58, 59, 60, 61, 
64, 65, 66, 67, 68, 71, 72, 73, 74, 75, 78, 79, 80, 81, 82, 85, 
86, 87, 88, 89, 92, 93, 94, 95, 96, 99, 100, 101, 102, 103, 106, 
107, 108, 109, 110, 113, 114, 115, 116, 117, 120, 121, 122, 123, 
124, 127, 128, 129, 130, 131, 134, 135, 136, 137, 138, 141, 142
), closing = c(358.76, 355.67, 352.2, 353.79, 349.62, 347.31, 
348.53, 339.93, 337, 340.75, 337.4, 338.19, 339.15, 330.38, 331.61, 
330.26, 326.08, 325.8, 325.2, 322.98, 329.08, 328.79, 330.92, 
331.85, 329.66, 333.75, 332.96, 333.62, 330.08, 331.02, 332.01, 
334.89, 332.72, 327.99, 327.67, 325.7, 324.15, 328.67, 330.26, 
331.89, 332.74, 335.54, 333.74, 337.93, 336.95, 340.27, 337.93, 
338.67, 336, 336.87, 338.07, 341.91, 343.53, 341.57, 339.74, 
335.69, 337.22, 337.63, 341.5, 342, 340.79, 339.94, 338.7, 343.64, 
341.09, 340.73, 340.08, 341.37, 342.07, 341.92, 344.34, 344.74, 
344.68, 340.72, 338.09, 335.12, 331.05, 330.36, 332.03, 332.92, 
329.11, 330.8, 332.25, 334.48, 335.57, 338.39, 340.53, 342.01, 
342.86, 343.82, 352, 354.75, 354.28, 354, 354.47, 354.64, 358, 
358.43, 359.29, 358.41)), .Names = c("day", "closing"), row.names = c("1", 
"2", "3", "4", "5", "6", "7", "8", "9", "10", "11", "12", "13", 
"14", "15", "16", "17", "18", "19", "20", "21", "22", "23", "24", 
"25", "26", "27", "28", "29", "30", "31", "32", "33", "34", "35", 
"36", "37", "38", "39", "40", "41", "42", "43", "44", "45", "46", 
"47", "48", "49", "50", "51", "52", "53", "54", "55", "56", "57", 
"58", "59", "60", "61", "62", "63", "64", "65", "66", "67", "68", 
"69", "70", "71", "72", "73", "74", "75", "76", "77", "78", "79", 
"80", "81", "82", "83", "84", "85", "86", "87", "88", "89", "90", 
"91", "92", "93", "94", "95", "96", "97", "98", "99", "100"), class = "data.frame")
