"tinting" <-
structure(list(case = c(1, 1, 1, 1, 1, 1, 1, 2, 2, 2, 2, 2, 2, 
2, 3, 3, 3, 3, 3, 3, 3, 4, 4, 4, 4, 4, 4, 4, 5, 5, 5, 5, 5, 5, 
5, 6, 6, 6, 6, 6, 6, 6, 7, 7, 7, 7, 7, 7, 7, 8, 8, 8, 8, 8, 8, 
8, 9, 9, 9, 9, 9, 9, 9, 10, 10, 10, 10, 10, 10, 10, 11, 11, 11, 
11, 11, 11, 11, 12, 12, 12, 12, 12, 12, 12, 13, 13, 13, 13, 13, 
13, 13, 14, 14, 14, 14, 14, 14, 14, 15, 15, 15, 15, 15, 15, 15, 
16, 16, 16, 16, 16, 16, 16, 17, 17, 17, 17, 17, 17, 17, 18, 18, 
18, 18, 18, 18, 18, 19, 19, 19, 19, 19, 19, 19, 20, 20, 20, 20, 
20, 20, 20, 21, 21, 21, 21, 21, 21, 21, 22, 22, 22, 22, 22, 22, 
22, 23, 23, 23, 23, 23, 23, 23, 24, 24, 24, 24, 24, 24, 24, 25, 
25, 25, 25, 25, 25, 25, 26, 26, 26, 26, 26, 26, 26), id = c(1, 
1, 1, 1, 1, 1, 1, 2, 2, 2, 2, 2, 2, 2, 3, 3, 3, 3, 3, 3, 3, 5, 
5, 5, 5, 5, 5, 5, 11, 11, 11, 11, 11, 11, 11, 13, 13, 13, 13, 
13, 13, 13, 15, 15, 15, 15, 15, 15, 15, 16, 16, 16, 16, 16, 16, 
16, 17, 17, 17, 17, 17, 17, 17, 18, 18, 18, 18, 18, 18, 18, 6, 
6, 6, 6, 6, 6, 6, 7, 7, 7, 7, 7, 7, 7, 8, 8, 8, 8, 8, 8, 8, 9, 
9, 9, 9, 9, 9, 9, 10, 10, 10, 10, 10, 10, 10, 21, 21, 21, 21, 
21, 21, 21, 22, 22, 22, 22, 22, 22, 22, 23, 23, 23, 23, 23, 23, 
23, 26, 26, 26, 26, 26, 26, 26, 27, 27, 27, 27, 27, 27, 27, 19, 
19, 19, 19, 19, 19, 19, 25, 25, 25, 25, 25, 25, 25, 28, 28, 28, 
28, 28, 28, 28, 12, 12, 12, 12, 12, 12, 12, 24, 24, 24, 24, 24, 
24, 24, 14, 14, 14, 14, 14, 14, 14), age = c(22.4, 22.4, 22.4, 
22.4, 22.4, 22.4, 22.4, 26.8, 26.8, 26.8, 26.8, 26.8, 26.8, 26.8, 
22.2, 22.2, 22.2, 22.2, 22.2, 22.2, 22.2, 22.6, 22.6, 22.6, 22.6, 
22.6, 22.6, 22.6, 23.1, 23.1, 23.1, 23.1, 23.1, 23.1, 23.1, 27.3, 
27.3, 27.3, 27.3, 27.3, 27.3, 27.3, 22.2, 22.2, 22.2, 22.2, 22.2, 
22.2, 22.2, 27.8, 27.8, 27.8, 27.8, 27.8, 27.8, 27.8, 22.2, 22.2, 
22.2, 22.2, 22.2, 22.2, 22.2, 21.7, 21.7, 21.7, 21.7, 21.7, 21.7, 
21.7, 70.3, 70.3, 70.3, 70.3, 70.3, 70.3, 70.3, 74.1, 74.1, 74.1, 
74.1, 74.1, 74.1, 74.1, 72.1, 72.1, 72.1, 72.1, 72.1, 72.1, 72.1, 
75.3, 75.3, 75.3, 75.3, 75.3, 75.3, 75.3, 74.7, 74.7, 74.7, 74.7, 
74.7, 74.7, 74.7, 74.3, 74.3, 74.3, 74.3, 74.3, 74.3, 74.3, 76.9, 
76.9, 76.9, 76.9, 76.9, 76.9, 76.9, 74.4, 74.4, 74.4, 74.4, 74.4, 
74.4, 74.4, 75.5, 75.5, 75.5, 75.5, 75.5, 75.5, 75.5, 73.4, 73.4, 
73.4, 73.4, 73.4, 73.4, 73.4, 24.5, 24.5, 24.5, 24.5, 24.5, 24.5, 
24.5, 78.2, 78.2, 78.2, 78.2, 78.2, 78.2, 78.2, 71, 71, 71, 71, 
71, 71, 71, 26.1, 26.1, 26.1, 26.1, 26.1, 26.1, 26.1, 70.4, 70.4, 
70.4, 70.4, 70.4, 70.4, 70.4, 23.2, 23.2, 23.2, 23.2, 23.2, 23.2, 
23.2), sex = structure(c(1, 1, 1, 1, 1, 1, 1, 1, 1, 1, 1, 1, 
1, 1, 1, 1, 1, 1, 1, 1, 1, 2, 2, 2, 2, 2, 2, 2, 1, 1, 1, 1, 1, 
1, 1, 1, 1, 1, 1, 1, 1, 1, 1, 1, 1, 1, 1, 1, 1, 2, 2, 2, 2, 2, 
2, 2, 1, 1, 1, 1, 1, 1, 1, 1, 1, 1, 1, 1, 1, 1, 2, 2, 2, 2, 2, 
2, 2, 2, 2, 2, 2, 2, 2, 2, 1, 1, 1, 1, 1, 1, 1, 2, 2, 2, 2, 2, 
2, 2, 1, 1, 1, 1, 1, 1, 1, 2, 2, 2, 2, 2, 2, 2, 2, 2, 2, 2, 2, 
2, 2, 1, 1, 1, 1, 1, 1, 1, 2, 2, 2, 2, 2, 2, 2, 1, 1, 1, 1, 1, 
1, 1, 2, 2, 2, 2, 2, 2, 2, 2, 2, 2, 2, 2, 2, 2, 2, 2, 2, 2, 2, 
2, 2, 2, 2, 2, 2, 2, 2, 2, 2, 2, 2, 2, 2, 2, 2, 1, 1, 1, 1, 1, 
1, 1), .Label = c("f", "m"), class = "factor"), tint = structure(c(1, 
2, 3, 1, 2, 3, 1, 1, 2, 3, 1, 2, 3, 1, 1, 2, 3, 1, 2, 3, 1, 1, 
2, 3, 1, 2, 3, 1, 1, 2, 3, 1, 2, 3, 1, 1, 2, 3, 1, 2, 3, 1, 1, 
2, 3, 1, 2, 3, 1, 1, 2, 3, 1, 2, 3, 1, 1, 2, 3, 1, 2, 3, 1, 1, 
2, 3, 1, 2, 3, 1, 1, 2, 3, 1, 2, 3, 1, 1, 2, 3, 1, 2, 3, 1, 1, 
2, 3, 1, 2, 3, 1, 1, 2, 3, 1, 2, 3, 1, 1, 2, 3, 1, 2, 3, 1, 1, 
2, 3, 1, 2, 3, 1, 1, 2, 3, 1, 2, 3, 1, 1, 2, 3, 1, 2, 3, 1, 1, 
2, 3, 1, 2, 3, 1, 1, 2, 3, 1, 2, 3, 1, 1, 2, 3, 1, 2, 3, 1, 1, 
2, 3, 1, 2, 3, 1, 1, 2, 3, 1, 2, 3, 1, 1, 2, 3, 1, 2, 3, 1, 1, 
2, 3, 1, 2, 3, 1, 1, 2, 3, 1, 2, 3, 1), .Label = c("no", "lo", 
"hi"), class = c("ordered", "factor")), target = structure(c(2, 
2, 2, 1, 1, 1, 2, 2, 2, 2, 1, 1, 1, 2, 2, 2, 2, 1, 1, 1, 2, 2, 
2, 2, 1, 1, 1, 2, 2, 2, 2, 1, 1, 1, 2, 2, 2, 2, 1, 1, 1, 2, 2, 
2, 2, 1, 1, 1, 2, 2, 2, 2, 1, 1, 1, 2, 2, 2, 2, 1, 1, 1, 2, 2, 
2, 2, 1, 1, 1, 2, 2, 2, 2, 1, 1, 1, 2, 2, 2, 2, 1, 1, 1, 2, 2, 
2, 2, 1, 1, 1, 2, 2, 2, 2, 1, 1, 1, 2, 2, 2, 2, 1, 1, 1, 2, 2, 
2, 2, 1, 1, 1, 2, 2, 2, 2, 1, 1, 1, 2, 2, 2, 2, 1, 1, 1, 2, 2, 
2, 2, 1, 1, 1, 2, 2, 2, 2, 1, 1, 1, 2, 2, 2, 2, 1, 1, 1, 2, 2, 
2, 2, 1, 1, 1, 2, 2, 2, 2, 1, 1, 1, 2, 2, 2, 2, 1, 1, 1, 2, 2, 
2, 2, 1, 1, 1, 2, 2, 2, 2, 1, 1, 1, 2), .Label = c("locon", "hicon"
), class = "factor"), it = c(26, 32.24, 27.04, 17.68, 20.8, 26, 
24.96, 21.79, 21.79, 23.86, 24.9, 32.16, 22.83, 24.9, 27.04, 
24.96, 39.52, 40.56, 27.04, 30.16, 21.84, 38.48, 38.48, 29.12, 
34.32, 32.24, 40.56, 35.36, 47.725, 29.05, 38.3875, 46.6875, 
37.35, 38.3875, 33.2, 29.05, 25.9375, 28.0125, 30.0875, 31.125, 
40.4625, 32.1625, 51.88, 79.89, 61.21, 45.65, 57.06, 74.7, 43.58, 
25.9375, 23.8625, 23.8625, 26.975, 37.35, 35.275, 20.75, 34.2375, 
30.0875, 31.125, 35.275, 31.125, 51.875, 23.8625, 32.1625, 31.125, 
40.4625, 42.5375, 57.0625, 43.575, 34.2375, 46.8, 36.4, 46.8, 
43.68, 56.16, 61.36, 48.88, 75.92, 70.72, 101.92, 81.12, 80.08, 
92.56, 75.92, 44.72, 38.48, 75.92, 30.16, 49.92, 67.6, 33.28, 
30.16, 35.36, 34.32, 42.64, 47.84, 42.64, 27.04, 50.96, 48.88, 
56.16, 47.84, 53.04, 141.44, 78, 78.85, 61.2125, 74.7, 57.0625, 
57.0625, 91.3, 47.725, 47.725, 47.725, 51.875, 50.8375, 59.1375, 
67.4375, 60.175, 38.3875, 48.7625, 44.6125, 59.1375, 73.6625, 
57.0625, 35.275, 89.225, 99.6, 120.35, 118.275, 87.15, 135.9125, 
113.0875, 34.2375, 37.35, 47.725, 58.1, 58.1, 79.8875, 28.0125, 
38.39, 42.54, 40.46, 39.43, 39.43, 48.76, 36.31, 140.06, 123.46, 
139.03, 159.78, 146.29, 199.2, 121.39, 135.91, 98.56, 122.43, 
113.09, 120.35, 197.12, 91.3, 78.85, 60.18, 72.63, 51.88, 56.03, 
65.36, 67.44, 174.3, 104.58, 151.48, 169.11, 187.58, 209.58, 
124.5, 41.5, 50.84, 43.58, 53.95, 41.5, 60.18, 36.31), csoa = c(46.8, 
37.44, 42.64, 41.6, 37.44, 40.56, 38.48, 44.61, 50.84, 51.88, 
47.73, 48.76, 57.06, 42.54, 38.48, 32.24, 30.16, 44.72, 36.4, 
33.28, 30.16, 38.48, 35.36, 38.48, 38.48, 33.28, 32.24, 32.24, 
63.2875, 60.175, 60.175, 41.5, 43.575, 54.9875, 47.725, 57.0625, 
66.4, 50.8375, 49.8, 45.65, 47.725, 49.8, 46.6875, 46.6875, 50.8375, 
56.025, 54.9875, 51.875, 44.6125, 35.275, 50.8375, 42.5375, 41.5, 
41.5, 41.5, 29.05, 25.9375, 25.9375, 30.0875, 38.3875, 37.35, 
36.3125, 26.975, 39.425, 42.5375, 43.575, 48.7625, 52.9125, 44.6125, 
41.5, 43.68, 54.08, 41.6, 49.92, 42.64, 46.8, 37.44, 63.44, 61.36, 
62.4, 57.2, 63.44, 65.52, 58.24, 50.96, 37.44, 43.68, 42.64, 
39.52, 45.76, 38.48, 46.8, 47.84, 47.84, 50.96, 48.88, 54.08, 
44.72, 64.48, 54.08, 62.4, 60.32, 63.44, 60.32, 52, 76.775, 73.6625, 
84.0375, 109.975, 89.225, 96.4875, 80.925, 77.8125, 65.3625, 
59.1375, 52.9125, 51.875, 62.25, 44.6125, 38.3875, 40.4625, 41.5, 
53.95, 44.6125, 46.6875, 39.425, 60.175, 40.4625, 58.1, 47.725, 
47.725, 59.1375, 53.95, 42.5375, 38.3875, 38.3875, 48.7625, 42.5375, 
43.575, 44.6125, 39.43, 32.16, 37.35, 30.09, 30.09, 33.2, 25.94, 
74.7, 68.48, 77.81, 77.81, 87.15, 128.65, 61.21, 77.81, 68.48, 
65.36, 68.48, 69.51, 105.83, 53.95, 53.95, 37.35, 41.5, 38.39, 
43.58, 44.61, 46.69, 60.18, 60.18, 68.48, 70.55, 74.7, 84.04, 
51.88, 39.43, 25.94, 36.31, 29.05, 31.13, 26.98, 28.01), agegp = structure(c(1, 
1, 1, 1, 1, 1, 1, 1, 1, 1, 1, 1, 1, 1, 1, 1, 1, 1, 1, 1, 1, 1, 
1, 1, 1, 1, 1, 1, 1, 1, 1, 1, 1, 1, 1, 1, 1, 1, 1, 1, 1, 1, 1, 
1, 1, 1, 1, 1, 1, 1, 1, 1, 1, 1, 1, 1, 1, 1, 1, 1, 1, 1, 1, 1, 
1, 1, 1, 1, 1, 1, 2, 2, 2, 2, 2, 2, 2, 2, 2, 2, 2, 2, 2, 2, 2, 
2, 2, 2, 2, 2, 2, 2, 2, 2, 2, 2, 2, 2, 2, 2, 2, 2, 2, 2, 2, 2, 
2, 2, 2, 2, 2, 2, 2, 2, 2, 2, 2, 2, 2, 2, 2, 2, 2, 2, 2, 2, 2, 
2, 2, 2, 2, 2, 2, 2, 2, 2, 2, 2, 2, 2, 1, 1, 1, 1, 1, 1, 1, 2, 
2, 2, 2, 2, 2, 2, 2, 2, 2, 2, 2, 2, 2, 1, 1, 1, 1, 1, 1, 1, 2, 
2, 2, 2, 2, 2, 2, 1, 1, 1, 1, 1, 1, 1), .Label = c("younger", "older"
), class = "factor")), .Names = c("case", "id", "age", "sex", 
"tint", "target", "it", "csoa", "agegp"),