"toycars" <-
structure(list(angle = c(1.3, 1.3, 1.3, 4, 4, 4, 2.7, 2.7, 2.7, 
2.2, 2.2, 2.2, 3.6, 3.6, 3.6, 4.9, 4.9, 4.9, 0.9, 0.9, 0.9, 1.1, 
1.1, 1.1, 3.1, 3.1, 3.1), distance = c(0.43, 0.37, 0.27, 0.84, 
0.92, 0.69, 0.58, 0.64, 0.55, 0.58, 0.7, 0.54, 0.7, 0.89, 0.66, 
1, 1.3, 0.95, 0.27, 0.38, 0.15, 0.29, 0.43, 0.17, 0.63, 0.69, 
0.6), car = c(1, 2, 3, 1, 2, 3, 1, 2, 3, 1, 2, 3, 1, 2, 3, 1, 
2, 3, 1, 2, 3, 1, 2, 3, 1, 2, 3)), .Names = c("angle", "distance", 
"car"), class = "data.frame", row.names = c("1", "2", "3", "4", 
"5", "6", "7", "8", "9", "10", "11", "12", "13", "14", "15", 
"16", "17", "18", "19", "20", "21", "22", "23", "24", "25", "26", 
"27"))
