"vince111b" <-
structure(list(site = structure(as.integer(c(1, 2, 3, 4, 5, 6, 
7, 8, 9, 1, 2, 3, 4, 5, 6, 7, 8, 9, 1, 2, 3, 4, 5, 6, 7, 8, 9, 
1, 2, 3, 4, 5, 6, 7, 8, 9)), .Label = c("AGSV", "CASV", "CPSV", 
"LPSV", "MPSV", "OOSV", "OTSV", "SSSV", "UISV"), class = "factor"), 
    parcel = structure(as.integer(c(1, 1, 1, 1, 1, 1, 1, 1, 1, 
    2, 2, 2, 2, 2, 2, 2, 2, 2, 3, 3, 3, 3, 3, 3, 3, 3, 3, 4, 
    4, 4, 4, 4, 4, 4, 4, 4)), .Label = c("1", "2", "3", "4"), class = "factor"), 
    code = c(58, 58, 58, 58, 58, 58, 58, 58, 58, 58, 58, 58, 
    58, 58, 58, 58, 58, 58, 58, 58, 58, 58, 58, 58, 58, 58, 58, 
    58, 58, 58, 58, 58, 58, 58, 58, 58), island = c(2, 2, 2, 
    2, 2, 2, 2, 2, 2, 2, 2, 2, 2, 2, 2, 2, 2, 2, 2, 2, 2, 2, 
    2, 2, 2, 2, 2, 2, 2, 2, 2, 2, 2, 2, 2, 2), id = c(79, 113, 
    5, 292.5, 39.5, 219, 257.5, 151.5, 186.5, 87.5, 122, 11, 
    300, 51, 230, 267.5, 155.5, 193, 95, 132.5, 20.5, 310, 62, 
    240, 275, 168.5, 203.5, 103.5, 137.5, 33, 317.5, 69.5, 250.5, 
    287.5, 173.5, 212.5), plot = c(7, 5, 5, 4.5, 3.5, 3, 5.5, 
    7.5, 6.5, 15.5, 14, 11, 12, 15, 14, 15.5, 11.5, 13, 23, 24.5, 
    20.5, 22, 26, 24, 23, 24.5, 23.5, 31.5, 29.5, 33, 29.5, 33.5, 
    34.5, 35.5, 29.5, 32.5), trt = c(111, 111, 111, 111, 111, 
    111, 111, 111, 111, 111, 111, 111, 111, 111, 111, 111, 111, 
    111, 111, 111, 111, 111, 111, 111, 111, 111, 111, 111, 111, 
    111, 111, 111, 111, 111, 111, 111), harvwt = c(13.05, 21.2, 
    26.3, 7.45, 14.65, 18, 19.75, 12.3, 21.6, 14.15, 24.15, 25.1, 
    5.85, 12.65, 15.05, 23.45, 13.65, 19.75, 13, 18.85, 22.55, 
    12.65, 13.15, 16.05, 12.45, 11.2, 23.15, 12.7, 23.2, 22.3, 
    16.2, 13.65, 17.2, 12.55, 14.7, 21.15)), .Names = c("site", 
"parcel", "code", "island", "id", "plot", "trt", "harvwt"), row.names = c("1", 
"2", "3", "4", "5", "6", "7", "8", "9", "10", "11", "12", "13", 
"14", "15", "16", "17", "18", "19", "20", "21", "22", "23", "24", 
"25", "26", "27", "28", "29", "30", "31", "32", "33", "34", "35", 
"36"), class = "data.frame")
