"wages1833" <-
structure(list(age = c(10, 11, 12, 13, 14, 15, 16, 17, 18, 19, 
20, 21, 22, 23, 24, 25, 26, 27, 28, 29, 30, 31, 32, 33, 34, 35, 
36, 37, 38, 39, 40, 41, 42, 43, 44, 45, 46, 47, 48, 49, 50, 51, 
52, 53, 54, 55, 56, 57, 58, 59, 60), mnum = c(204, 195, 245, 
233, 256, 240, 204, 141, 164, 135, 92, 180, 145, 104, 83, 100, 
73, 79, 75, 52, 76, 31, 51, 46, 41, 46, 45, 21, 38, 26, 38, 17, 
34, 12, 18, 17, 13, 18, 21, 9, 27, 6, 7, 6, 12, 10, 5, 3, 3, 
8, 9), mwage = c(30.5, 37.8, 43, 50.5, 56.5, 63, 83.5, 88.5, 
141, 138.3, 161.3, 157.3, 201.5, 224, 223.5, 226.8, 221, 248, 
257, 241, 253.8, 274.5, 278, 282.8, 248.3, 279, 278, 263.5, 275, 
236.5, 243.5, 233.5, 265.5, 262, 249.5, 207, 236.3, 169, 223, 
172.5, 196, 179, 292, 131.3, 174, 202.8, 184, 142.5, 139, 183.3, 
162), fnum = c(122, 198, 241, 233, 236, 215, 256, 245, 279, 251, 
209, 251, 192, 138, 100, 99, 72, 67, 54, 45, 57, 21, 24, 20, 
10, 25, 22, 13, 21, 10, 15, 11, 12, 6, 4, 5, 10, 3, 4, 4, 2, 
0, 0, 0, 0, 0, 0, 0, 0, 0, 0), fwage = c(35, 38, 44, 46, 59, 
68, 72, 78, 90, 98, 97, 96, 102, 100, 101, 106, 108, 105, 97, 
100, 109, 119, 123, 105, 85, 96, 123, 120, 119, 116, 104, 99, 
129, 113, 109, 107, 124, 108, 117, 94, 87, 0, 0, 0, 0, 0, 0, 
0, 0, 0, 0)), .Names = c("age", "mnum", "mwage", "fnum", "fwage"
), class = "data.frame", row.names = c("1", "2", "3", "4", "5", 
"6", "7", "8", "9", "10", "11", "12", "13", "14", "15", "16", 
"17", "18", "19", "20", "21", "22", "23", "24", "25", "26", "27", 
"28", "29", "30", "31", "32", "33", "34", "35", "36", "37", "38", 
"39", "40", "41", "42", "43", "44", "45", "46", "47", "48", "49", 
"50", "51"))
