"whoops" <-
structure(c(280, 100, 122, 92, 46, 135, 95, 151, 150, 82, 55, 
275, 188, 65, 336, 93, 199, 239, 84, 227, 414, 197, 300, 291, 
251, 225, 213, 364, 262, 318, 218, 249, 385, 234, 554, 224, 187, 
536, 381, 268, 578, 165, 78, 268, 467, 194, 200, 228, 298, 374, 
391, 279, 311, 352, 469, 311, 536, 367, 418, 451, 380, 428, 1004, 
586, 697, 703, 623, 439, 326, 591, 449, 486, 508, 389, 864, 729, 
666, 645, 839, 750, 794, 614, 757, 799, 627, 420, 674, 767, 717, 
633, 552, 1738, 2278, 1603, 1908, 1292, 1816, 2035, 1600, 1630, 
2349, 1568, 2185, 1569, 2667, 2502, 2438, 2092, 2527, 2708, 1742, 
2067, 3548, 2168, 2175, 2423, 2935, 2960, 2278, 2338, 3769, 1956, 
2291, 3259, 2620, 1867, 3204, 2737, 1817, 4483, 2934, 3516, 1961, 
280, 100, 122, 92, 46, 135, 95, 151, 150, 9.09, 3.1, 4.48, 3.07, 
2.23, 6.34, 3.37, 5.92, 6.29, 3.21, 2.32, 13.08, 9.17, 3.37, 
14.8, 4.24, 9.53, 11.25, 4.78, 11.58, 22.88, 9.35, 8.26, 11.13, 
10.82, 9.68, 9.99, 16.1, 11.09, 14.56, 9.69, 11.43, 14.77, 10.8, 
26.04, 10.92, 9.81, 22.97, 18.67, 13.12, 2.82, 7.96, 4.35, 14.08, 
26.19, 10.25, 9.77, 11.78, 15.13, 18.02, 25, 14.87, 15.38, 16.19, 
24.37, 14.49, 27.79, 21.57, 23.02, 24.87, 16.47, 22.06, 51.81, 
39.92, 40.9, 40.05, 34.72, 23.94, 16.33, 35.43, 22.57, 28.51, 
27.77, 22.45, 44.8, 37.27, 32.78, 32.3, 43.58, 38.88, 41.04, 
33.27, 40.12, 38.81, 30.99, 19.97, 32.47, 34.41, 33.03, 26.9, 
25.5, 68.59, 50.05, 35.31, 39.17, 25.28, 37.58, 41.15, 27.05, 
28.21, 34.16, 32.03, 39.37, 28.71, 44.39, 33.95, 39.36, 36.52, 
42.75, 42.25, 28.16, 33.17, 54.37, 32.18, 30.61, 30.97, 40.59, 
36.69, 32.12, 48.27, 25.19, 25.19, 28.48, 45.67, 34.72, 24.3, 
39.09, 36.52, 23.43, 53.25, 35.01, 42.96, 24.18, 9.09, 3.1, 4.48, 
3.07, 2.23, 6.34, 3.37, 5.92, 6.29, 30811, 32169, 27483, 25200, 
20606, 21296, 28157, 25494, 23869, 25516, 23727, 21028, 20485, 
19276, 22696, 21917, 20872, 21313, 17576, 19604, 19830, 21063, 
26326, 26148, 23202, 23230, 23911, 22612, 23639, 21847, 22434, 
21780, 26053, 21656, 20884, 20514, 19048, 23334, 20399, 20420, 
20517, 20709, 17918, 19029, 17828, 18919, 20454, 19349, 19697, 
20749, 18038, 18760, 20213, 21749, 19241, 21179, 19288, 17014, 
18155, 18134, 23068, 19374, 19379, 19582, 17034, 17565, 17938, 
18334, 19954, 16680, 19893, 17043, 18295, 17322, 19283, 19560, 
20316, 19968, 19705, 19228, 19348, 18451, 18865, 20587, 20237, 
21026, 20758, 22292, 21709, 23524, 21645, 25337, 45507, 45400, 
48718, 51110, 48318, 49450, 59131, 57771, 68755, 48950, 55488, 
54638, 60069, 73697, 61942, 57274, 59103, 64093, 61860, 62309, 
65251, 67371, 71060, 78238, 73531, 80453, 70924, 73798, 78082, 
77634, 80430, 71355, 75459, 76813, 81964, 77671, 77449, 84188, 
83805, 81128, 81071, 30811, 32169, 27483, 25200, 20606, 21296, 
28157, 25494, 23869), .Dim = as.integer(c(142, 3)), .Dimnames = list(
    NULL, c("wcough", "ratio", "alldeaths")), .Tsp = c(1740, 
1881, 1), class = c("mts", "ts"))
